# File generated by CMD 3.9 (http://stev.oapd.inaf.it/cmd) on Wed Jun 24 20:05:12 UTC 2026
# isochrones based on PARSEC release v1.2S +  COLIBRI S_37 + S_35 + PR16
# Basic references: Bressan et al. (2012), MNRAS, 427, 127 + Chen et al. (2014, 2015), MNRAS, 444, 2525 + MNRAS, 452, 1068 + Tang et al. (2014), MNRAS, 445, 4287 + Marigo et al. (2017), ApJ, 835, 77 + Pastorelli al. (2019), MNRAS, 485, 5666 + Pastorelli al. (2020), MNRAS, in press
# Thermal pulse cycles included 
# On RGB, assumed Reimers mass loss with efficiency eta=0.2
# LPV periods and growth rates added cf. Trabucchi et al. (2019)
# but fundamental-mode LPV periods + transition are from Trabucchi et al. (2021)
# Photometric system: Gaia EDR3 (all Vegamags, Gaia passbands from ESA/Gaia website)
# Attention: photometry includes extinction of Av=0.63, with coefficients derived star-by-star, for Cardelli et al 89 + O'Donnell 94 Rv=3.1 extinction curve.
# Using YBC version of bolometric corrections as in Chen et al. (2019)
# O-rich circumstellar dpmod60alox40 dust from Groenewegen (2006)
# C-rich circumstellar AMCSIC15 dust from Groenewegen (2006)
# IMF: Kroupa (2001, 2002) + Kroupa et al. (2013) canonical two-part-power law IMF corrected for unresolved binaries 
# Kind of output: isochrone tables
# Zini     MH   logAge Mini        int_IMF         Mass   logL    logTe  logg  label   McoreTP C_O  period0  period1  period2  period3  period4  pmode  Mloss  tau1m   X   Y   Xc  Xn  Xo  Cexcess  Z 	 mbolmag  Gmag    G_BPmag  G_RPmag
0.006 -0.40400 7.07918 0.0900000036 1.0816895926    0.090 -2.043  3.4379  4.139    0  0.000  0.545     0.00     0.00     0.00     0.00     0.00 -1 -3.28e-15      0.00 7.349e-01 2.591e-01 1.079e-03 2.911e-04 2.640e-03 -1.000 6.000e-03 9.877 11.805 14.301 10.395
0.006 -0.40400 7.07918 0.0983313918 1.1570148252    0.098 -1.989  3.4446  4.150    0  0.000  0.545     0.00     0.00     0.00     0.00     0.00 -1  -3.5e-15      0.00 7.349e-01 2.591e-01 1.079e-03 2.911e-04 2.640e-03 -1.000 6.000e-03 9.742 11.604 14.000 10.210
0.006 -0.40400 7.07918 0.0992424265 1.1647467926    0.099 -1.983  3.4453  4.151    0  0.000  0.545     0.00     0.00     0.00     0.00     0.00 -1 -3.53e-15      0.00 7.349e-01 2.591e-01 1.079e-03 2.911e-04 2.640e-03 -1.000 6.000e-03 9.728 11.583 13.969 10.191
0.006 -0.40400 7.07918 0.1056648120 1.2167563692    0.106 -1.945  3.4497  4.158    0  0.000  0.545     0.00     0.00     0.00     0.00     0.00 -1  -3.7e-15      0.00 7.349e-01 2.591e-01 1.079e-03 2.911e-04 2.640e-03 -1.000 6.000e-03 9.634 11.446 13.768 10.065
0.006 -0.40400 7.07918 0.1177272722 1.3041497160    0.117 -1.878  3.4571  4.167    0  0.000  0.545     0.00     0.00     0.00     0.00     0.00 -1 -4.05e-15      0.00 7.349e-01 2.591e-01 1.079e-03 2.911e-04 2.640e-03 -1.000 6.000e-03 9.466 11.206 13.413 9.845
0.006 -0.40400 7.07918 0.1351980120 1.4119587120    0.135 -1.793  3.4662  4.178    0  0.000  0.545     0.00     0.00     0.00     0.00     0.00 -1 -4.54e-15      0.00 7.349e-01 2.591e-01 1.079e-03 2.911e-04 2.640e-03 -1.000 6.000e-03 9.253 10.909 12.988 9.573
0.006 -0.40400 7.07918 0.1362121254 1.4176547699    0.136 -1.788  3.4667  4.178    0  0.000  0.545     0.00     0.00     0.00     0.00     0.00 -1 -4.57e-15      0.00 7.349e-01 2.591e-01 1.079e-03 2.911e-04 2.640e-03 -1.000 6.000e-03 9.241 10.893 12.965 9.559
0.006 -0.40400 7.07918 0.1494698524 1.4873955278    0.149 -1.730  3.4726  4.184    0  0.000  0.545     0.00     0.00     0.00     0.00     0.00 -1 -4.96e-15      0.00 7.349e-01 2.591e-01 1.079e-03 2.911e-04 2.640e-03 -1.000 6.000e-03 9.095 10.695 12.690 9.377
0.006 -0.40400 7.07918 0.1575825363 1.5262229166    0.157 -1.697  3.4759  4.187    0  0.000  0.545     0.00     0.00     0.00     0.00     0.00 -1 -5.19e-15      0.00 7.349e-01 2.591e-01 1.079e-03 2.911e-04 2.640e-03 -1.000 6.000e-03 9.013 10.584 12.537 9.276
0.006 -0.40400 7.07918 0.1678966582 1.5719915783    0.167 -1.656  3.4799  4.190    0  0.000  0.545     0.00     0.00     0.00     0.00     0.00 -1 -5.48e-15      0.00 7.349e-01 2.591e-01 1.079e-03 2.911e-04 2.640e-03 -1.000 6.000e-03 8.911 10.449 12.352 9.151
0.006 -0.40400 7.07918 0.1727838367 1.5924207153    0.172 -1.638  3.4817  4.191    0  0.000  0.545     0.00     0.00     0.00     0.00     0.00 -1 -5.62e-15      0.00 7.349e-01 2.591e-01 1.079e-03 2.911e-04 2.640e-03 -1.000 6.000e-03 8.866 10.389 12.270 9.096
0.006 -0.40400 7.07918 0.1786779016 1.6160817126    0.178 -1.616  3.4838  4.192    0  0.000  0.545     0.00     0.00     0.00     0.00     0.00 -1 -5.84e-15      0.00 7.349e-01 2.591e-01 1.079e-03 2.911e-04 2.640e-03 -1.000 6.000e-03 8.810 10.317 12.171 9.030
0.006 -0.40400 7.07918 0.2048291862 1.7100096610    0.204 -1.530  3.4924  4.199    0  0.000  0.545     0.00     0.00     0.00     0.00     0.00 -1 -6.61e-15      0.00 7.349e-01 2.591e-01 1.079e-03 2.911e-04 2.640e-03 -1.000 6.000e-03 8.595 10.035 11.789 8.772
0.006 -0.40400 7.07918 0.2233628184 1.7676113150    0.222 -1.476  3.4976  4.204    0  0.000  0.545     0.00     0.00     0.00     0.00     0.00 -1 -7.12e-15      0.00 7.349e-01 2.591e-01 1.079e-03 2.911e-04 2.640e-03 -1.000 6.000e-03 8.461 9.862 11.562 8.613
0.006 -0.40400 7.07918 0.2411060184 1.8172137689    0.240 -1.430  3.5023  4.209    0  0.000  0.545     0.00     0.00     0.00     0.00     0.00 -1 -7.58e-15      0.00 7.349e-01 2.591e-01 1.079e-03 2.911e-04 2.640e-03 -1.000 6.000e-03 8.345 9.713 11.365 8.477
0.006 -0.40400 7.07918 0.2656178474 1.8784316995    0.264 -1.369  3.5088  4.217    0  0.000  0.545     0.00     0.00     0.00     0.00     0.00 -1 -8.23e-15      0.00 7.349e-01 2.591e-01 1.079e-03 2.911e-04 2.640e-03 -1.000 6.000e-03 8.193 9.517 11.105 8.299
0.006 -0.40400 7.07918 0.2840909064 1.9199089181    0.283 -1.327  3.5134  4.222    0  0.000  0.545     0.00     0.00     0.00     0.00     0.00 -1 -8.73e-15      0.00 7.349e-01 2.591e-01 1.079e-03 2.911e-04 2.640e-03 -1.000 6.000e-03 8.086 9.380 10.925 8.175
0.006 -0.40400 7.07918 0.2953076363 1.9434201558    0.294 -1.303  3.5159  4.226    0  0.000  0.545     0.00     0.00     0.00     0.00     0.00 -1 -8.99e-15      0.00 7.349e-01 2.591e-01 1.079e-03 2.911e-04 2.640e-03 -1.000 6.000e-03 8.028 9.305 10.827 8.107
0.006 -0.40400 7.07918 0.3303030431 2.0099003913    0.329 -1.234  3.5233  4.235    0  0.000  0.545     0.00     0.00     0.00     0.00     0.00 -1 -9.88e-15      0.00 7.349e-01 2.591e-01 1.079e-03 2.911e-04 2.640e-03 -1.000 6.000e-03 7.854 9.084 10.541 7.907
0.006 -0.40400 7.07918 0.3468036056 2.0381473587    0.346 -1.205  3.5264  4.239    0  0.000  0.545     0.00     0.00     0.00     0.00     0.00 -1 -1.03e-14      0.00 7.349e-01 2.591e-01 1.079e-03 2.911e-04 2.640e-03 -1.000 6.000e-03 7.781 8.993 10.424 7.824
0.006 -0.40400 7.07918 0.3765151799 2.0848521217    0.376 -1.155  3.5317  4.246    0  0.000  0.545     0.00     0.00     0.00     0.00     0.00 -1  -1.1e-14      0.00 7.349e-01 2.591e-01 1.079e-03 2.911e-04 2.640e-03 -1.000 6.000e-03 7.656 8.837 10.226 7.682
0.006 -0.40400 7.07918 0.4227272868 2.1487074326    0.422 -1.083  3.5395  4.256    0  0.000  0.545     0.00     0.00     0.00     0.00     0.00 -1  -1.2e-14      0.00 7.349e-01 2.591e-01 1.079e-03 2.911e-04 2.640e-03 -1.000 6.000e-03 7.477 8.613 9.943 7.479
0.006 -0.40400 7.07918 0.4658883512 2.2006440740    0.465 -1.023  3.5466  4.267    0  0.000  0.545     0.00     0.00     0.00     0.00     0.00 -1  -1.3e-14      0.00 7.349e-01 2.591e-01 1.079e-03 2.911e-04 2.640e-03 -1.000 6.000e-03 7.328 8.426 9.706 7.311
0.006 -0.40400 7.07918 0.4689394236 2.2040773004    0.468 -1.019  3.5470  4.268    0  0.000  0.545     0.00     0.00     0.00     0.00     0.00 -1 -1.31e-14      0.00 7.349e-01 2.591e-01 1.079e-03 2.911e-04 2.640e-03 -1.000 6.000e-03 7.318 8.413 9.690 7.299
0.006 -0.40400 7.07918 0.5000687838 2.2375250480    0.499 -0.977  3.5523  4.275    0  0.000  0.545     0.00     0.00     0.00     0.00     0.00 -1 -1.38e-14      0.00 7.349e-01 2.591e-01 1.079e-03 2.911e-04 2.640e-03 -1.000 6.000e-03 7.213 8.279 9.520 7.180
0.006 -0.40400 7.07918 0.5151515603 2.2525465222    0.515 -0.957  3.5547  4.278    0  0.000  0.545     0.00     0.00     0.00     0.00     0.00 -1 -1.42e-14      0.00 7.349e-01 2.591e-01 1.079e-03 2.911e-04 2.640e-03 -1.000 6.000e-03 7.163 8.217 9.441 7.124
0.006 -0.40400 7.07918 0.5401238799 2.2753092297    0.539 -0.925  3.5594  4.285    0  0.000  0.545     0.00     0.00     0.00     0.00     0.00 -1 -1.48e-14      0.00 7.349e-01 2.591e-01 1.079e-03 2.911e-04 2.640e-03 -1.000 6.000e-03 7.083 8.112 9.305 7.032
0.006 -0.40400 7.07918 0.5613636374 2.2928480160    0.561 -0.898  3.5630  4.288    0  0.000  0.545     0.00     0.00     0.00     0.00     0.00 -1 -1.54e-14      0.00 7.349e-01 2.591e-01 1.079e-03 2.911e-04 2.640e-03 -1.000 6.000e-03 7.014 8.024 9.194 6.954
0.006 -0.40400 7.07918 0.5773444176 2.3050704132    0.577 -0.877  3.5663  4.293    0  0.000  0.545     0.00     0.00     0.00     0.00     0.00 -1 -1.58e-14      0.00 7.349e-01 2.591e-01 1.079e-03 2.911e-04 2.640e-03 -1.000 6.000e-03 6.964 7.957 9.106 6.895
0.006 -0.40400 7.07918 0.6075757742 2.3261824018    0.607 -0.837  3.5721  4.299    0  0.000  0.545     0.00     0.00     0.00     0.00     0.00 -1 -1.68e-14      0.00 7.349e-01 2.591e-01 1.079e-03 2.911e-04 2.640e-03 -1.000 6.000e-03 6.862 7.827 8.942 6.781
0.006 -0.40400 7.07918 0.6378573775 2.3450390927    0.638 -0.795  3.5788  4.305    0  0.000  0.545     0.00     0.00     0.00     0.00     0.00 -1 -1.79e-14      0.00 7.349e-01 2.591e-01 1.079e-03 2.911e-04 2.640e-03 -1.000 6.000e-03 6.758 7.693 8.774 6.664
0.006 -0.40400 7.07918 0.6537879109 2.3541567464    0.654 -0.775  3.5821  4.309    0  0.000  0.545     0.00     0.00     0.00     0.00     0.00 -1 -1.85e-14      0.00 7.349e-01 2.591e-01 1.079e-03 2.911e-04 2.640e-03 -1.000 6.000e-03 6.707 7.628 8.691 6.606
0.006 -0.40400 7.07918 0.6999999881 2.3779266974    0.700 -0.703  3.5944  4.316    0  0.000  0.545     0.00     0.00     0.00     0.00     0.00 -1 -2.09e-14      0.00 7.349e-01 2.591e-01 1.079e-03 2.911e-04 2.640e-03 -1.000 6.000e-03 6.527 7.397 8.399 6.406
0.006 -0.40400 7.07918 0.7500000000 2.3998889087    0.750 -0.558  3.6426  4.393    0  0.000  0.538     0.00     0.00     0.00     0.00     0.00 -1 -2.59e-14      0.00 7.349e-01 2.591e-01 1.065e-03 2.907e-04 2.640e-03 -1.000 6.000e-03 6.164 6.851 7.640 5.976
0.006 -0.40400 7.07918 0.7596503496 2.4037467873    0.760 -0.545  3.6440  4.392    0  0.000  0.538     0.00     0.00     0.00     0.00     0.00 -1 -2.64e-14      0.00 7.349e-01 2.591e-01 1.065e-03 2.907e-04 2.640e-03 -1.000 6.000e-03 6.134 6.815 7.597 5.944
0.006 -0.40400 7.07918 0.8000000119 2.4187244405    0.800 -0.483  3.6511  4.381    0  0.000  0.538     0.00     0.00     0.00     0.00     0.00 -1 -3.01e-14      0.00 7.349e-01 2.591e-01 1.065e-03 2.907e-04 2.640e-03 -1.000 6.000e-03 5.978 6.632 7.381 5.780
0.006 -0.40400 7.07918 0.8088172674 2.4217694116    0.809 -0.471  3.6530  4.380    0  0.000  0.538     0.00     0.00     0.00     0.00     0.00 -1 -3.08e-14      0.00 7.349e-01 2.591e-01 1.065e-03 2.907e-04 2.640e-03 -1.000 6.000e-03 5.947 6.594 7.336 5.747
0.006 -0.40400 7.07918 0.8464497924 2.4339494749    0.846 -0.410  3.6622  4.376    0  0.000  0.538     0.00     0.00     0.00     0.00     0.00 -1 -3.46e-14      0.00 7.349e-01 2.591e-01 1.065e-03 2.907e-04 2.640e-03 -1.000 6.000e-03 5.795 6.409 7.115 5.585
0.006 -0.40400 7.07918 0.8500000238 2.4350346840    0.850 -0.403  3.6633  4.375    0  0.000  0.538     0.00     0.00     0.00     0.00     0.00 -1 -3.52e-14      0.00 7.349e-01 2.591e-01 1.065e-03 2.907e-04 2.640e-03 -1.000 6.000e-03 5.777 6.387 7.089 5.565
0.006 -0.40400 7.07918 0.8830880523 2.4446681470    0.883 -0.335  3.6743  4.368    0  0.000  0.538     0.00     0.00     0.00     0.00     0.00 -1 -4.06e-14      0.00 7.350e-01 2.590e-01 1.065e-03 2.907e-04 2.640e-03 -1.000 6.000e-03 5.608 6.184 6.848 5.387
0.006 -0.40400 7.07918 0.8999999762 2.4492786016    0.899 -0.300  3.6803  4.365    0  0.000  0.538     0.00     0.00     0.00     0.00     0.00 -1 -4.38e-14      0.00 7.350e-01 2.590e-01 1.065e-03 2.907e-04 2.640e-03 -1.000 6.000e-03 5.519 6.078 6.723 5.295
0.006 -0.40400 7.07918 0.9259150624 2.4559690735    0.925 -0.247  3.6894  4.361    0  0.000  0.538     0.00     0.00     0.00     0.00     0.00 -1 -4.89e-14      0.00 7.350e-01 2.590e-01 1.065e-03 2.907e-04 2.640e-03 -1.000 6.000e-03 5.386 5.921 6.540 5.157
0.006 -0.40400 7.07918 0.9499999881 2.4618121868    0.950 -0.194  3.6985  4.356    0  0.000  0.538     0.00     0.00     0.00     0.00     0.00 -1 -5.47e-14      0.00 7.350e-01 2.590e-01 1.065e-03 2.907e-04 2.640e-03 -1.000 6.000e-03 5.255 5.770 6.363 5.025
0.006 -0.40400 7.07918 0.9904623628 2.4708968117    0.991 -0.101  3.7143  4.344    0  0.000  0.538     0.00     0.00     0.00     0.00     0.00 -1 -6.73e-14      0.00 7.350e-01 2.590e-01 1.065e-03 2.907e-04 2.640e-03 -1.000 6.000e-03 5.022 5.508 6.061 4.795
0.006 -0.40400 7.07918 1.0000000000 2.4729154477    1.000 -0.077  3.7181  4.340    0  0.000  0.538     0.00     0.00     0.00     0.00     0.00 -1 -7.09e-14      0.00 7.350e-01 2.590e-01 1.065e-03 2.907e-04 2.640e-03 -1.000 6.000e-03 4.964 5.445 5.988 4.738
0.006 -0.40400 7.07918 1.0277965069 2.4785535912    1.028 -0.008  3.7292  4.327    0  0.000  0.538     0.00     0.00     0.00     0.00     0.00 -1 -7.98e-14      0.00 7.350e-01 2.590e-01 1.065e-03 2.907e-04 2.640e-03 -1.000 6.000e-03 4.791 5.258 5.775 4.572
0.006 -0.40400 7.07918 1.0499999523 2.4828114860    1.050  0.050  3.7384  4.314    0  0.000  0.538     0.00     0.00     0.00     0.00     0.00 -1 -8.87e-14      0.00 7.350e-01 2.590e-01 1.065e-03 2.907e-04 2.640e-03 -1.000 6.000e-03 4.645 5.103 5.600 4.434
0.006 -0.40400 7.07918 1.0587226152 2.4844281228    1.058  0.073  3.7418  4.309    0  0.000  0.538     0.00     0.00     0.00     0.00     0.00 -1 -9.24e-14      0.00 7.350e-01 2.590e-01 1.065e-03 2.907e-04 2.640e-03 -1.000 6.000e-03 4.587 5.042 5.532 4.380
0.006 -0.40400 7.07918 1.0872006416 2.4894991127    1.086  0.154  3.7534  4.286    0  0.000  0.538     0.00     0.00     0.00     0.00     0.00 -1 -1.08e-13      0.00 7.350e-01 2.590e-01 1.065e-03 2.907e-04 2.640e-03 -1.000 6.000e-03 4.386 4.836 5.300 4.196
0.006 -0.40400 7.07918 1.1000000238 2.4916801480    1.099  0.192  3.7587  4.274    0  0.000  0.538     0.00     0.00     0.00     0.00     0.00 -1 -1.16e-13      0.00 7.350e-01 2.590e-01 1.065e-03 2.907e-04 2.640e-03 -1.000 6.000e-03 4.291 4.739 5.192 4.109
0.006 -0.40400 7.07918 1.1189994812 2.4948121254    1.118  0.250  3.7664  4.254    0  0.000  0.538     0.00     0.00     0.00     0.00     0.00 -1  -1.3e-13      0.00 7.350e-01 2.590e-01 1.065e-03 2.907e-04 2.640e-03 -1.000 6.000e-03 4.144 4.591 5.029 3.976
0.006 -0.40400 7.07918 1.1474399567 2.4992782477    1.147  0.343  3.7781  4.219    0  0.000  0.538     0.00     0.00     0.00     0.00     0.00 -1 -1.58e-13      0.00 7.350e-01 2.590e-01 1.065e-03 2.907e-04 2.640e-03 -1.000 6.000e-03 3.912 4.361 4.773 3.768
0.006 -0.40400 7.07918 1.1499999762 2.4996678137    1.149  0.352  3.7791  4.215    0  0.000  0.538     0.00     0.00     0.00     0.00     0.00 -1 -1.61e-13      0.00 7.350e-01 2.590e-01 1.065e-03 2.907e-04 2.640e-03 -1.000 6.000e-03 3.891 4.340 4.750 3.749
0.006 -0.40400 7.07918 1.1565414667 2.5006542498    1.156  0.374  3.7818  4.206    0  0.000  0.538     0.00     0.00     0.00     0.00     0.00 -1 -1.68e-13      0.00 7.350e-01 2.590e-01 1.065e-03 2.907e-04 2.640e-03 -1.000 6.000e-03 3.836 4.285 4.690 3.700
0.006 -0.40400 7.07918 1.1761413813 2.5035344561    1.176  0.440  3.7900  4.181    0  0.000  0.538     0.00     0.00     0.00     0.00     0.00 -1 -1.92e-13      0.00 7.350e-01 2.590e-01 1.065e-03 2.907e-04 2.640e-03 -1.000 6.000e-03 3.671 4.123 4.511 3.554
0.006 -0.40400 7.07918 1.1964632273 2.5064064521    1.196  0.505  3.7988  4.158    0  0.000  0.538     0.00     0.00     0.00     0.00     0.00 -1 -2.19e-13      0.00 7.350e-01 2.590e-01 1.065e-03 2.907e-04 2.640e-03 -1.000 6.000e-03 3.508 3.964 4.335 3.412
0.006 -0.40400 7.07918 1.2000000477 2.5068948796    1.200  0.516  3.8004  4.154    0  0.000  0.538     0.00     0.00     0.00     0.00     0.00 -1 -2.24e-13      0.00 7.350e-01 2.590e-01 1.065e-03 2.907e-04 2.640e-03 -1.000 6.000e-03 3.480 3.936 4.304 3.388
0.006 -0.40400 7.07918 1.2054568529 2.5076419913    1.205  0.533  3.8028  4.149    0  0.000  0.538     0.00     0.00     0.00     0.00     0.00 -1 -2.31e-13      0.00 7.350e-01 2.590e-01 1.065e-03 2.907e-04 2.640e-03 -1.000 6.000e-03 3.437 3.895 4.258 3.352
0.006 -0.40400 7.07918 1.2249909639 2.5102538482    1.225  0.586  3.8118  4.139    0  0.000  0.538     0.00     0.00     0.00     0.00     0.00 -1 -2.52e-13      0.00 7.350e-01 2.590e-01 1.065e-03 2.907e-04 2.640e-03 -1.000 6.000e-03 3.304 3.767 4.113 3.242
0.006 -0.40400 7.07918 1.2458528280 2.5129394822    1.246  0.634  3.8220  4.140    0  0.000  0.538     0.00     0.00     0.00     0.00     0.00 -1 -2.67e-13      0.00 7.350e-01 2.590e-01 1.065e-03 2.907e-04 2.640e-03 -1.000 6.000e-03 3.186 3.654 3.982 3.149
0.006 -0.40400 7.07918 1.2500000000 2.5134610955    1.250  0.642  3.8241  4.141    0  0.000  0.538     0.00     0.00     0.00     0.00     0.00 -1 -2.69e-13      0.00 7.350e-01 2.590e-01 1.065e-03 2.907e-04 2.640e-03 -1.000 6.000e-03 3.166 3.635 3.959 3.134
0.006 -0.40400 7.07918 1.2613010406 2.5148624922    1.261  0.664  3.8302  4.148    0  0.000  0.538     0.00     0.00     0.00     0.00     0.00 -1 -2.73e-13      0.00 7.350e-01 2.590e-01 1.065e-03 2.907e-04 2.640e-03 -1.000 6.000e-03 3.111 3.583 3.897 3.094
0.006 -0.40400 7.07918 1.2694307566 2.5158528992    1.269  0.673  3.8342  4.158    0  0.000  0.538     0.00     0.00     0.00     0.00     0.00 -1  -2.7e-13      0.00 7.350e-01 2.590e-01 1.065e-03 2.907e-04 2.640e-03 -1.000 6.000e-03 3.088 3.563 3.870 3.082
0.006 -0.40400 7.07918 1.2999999523 2.5194498592    1.300  0.694  3.8483  4.204    0  0.000  0.538     0.00     0.00     0.00     0.00     0.00 -1 -2.48e-13      0.00 7.350e-01 2.590e-01 1.065e-03 2.907e-04 2.640e-03 -1.000 6.000e-03 3.036 3.521 3.804 3.068
0.006 -0.40400 7.07918 1.3182288408 2.5215037061    1.318  0.698  3.8570  4.240    0  0.000  0.538     0.00     0.00     0.00     0.00     0.00 -1 -2.28e-13      0.00 7.350e-01 2.590e-01 1.065e-03 2.907e-04 2.640e-03 -1.000 6.000e-03 3.024 3.516 3.786 3.080
0.006 -0.40400 7.07918 1.3409829140 2.5239775163    1.341  0.691  3.8641  4.283    0  0.000  0.538     0.00     0.00     0.00     0.00     0.00 -1 -1.99e-13      0.00 7.350e-01 2.590e-01 1.065e-03 2.907e-04 2.640e-03 -1.000 6.000e-03 3.041 3.540 3.799 3.118
0.006 -0.40400 7.07918 1.3500001431 2.5249313723    1.350  0.689  3.8656  4.294    0  0.000  0.538     0.00     0.00     0.00     0.00     0.00 -1 -1.91e-13      0.00 7.350e-01 2.590e-01 1.064e-03 2.907e-04 2.640e-03 -1.000 6.000e-03 3.047 3.547 3.804 3.128
0.006 -0.40400 7.07918 1.3644691706 2.5264316730    1.365  0.684  3.8681  4.313    0  0.000  0.537     0.00     0.00     0.00     0.00     0.00 -1 -1.75e-13      0.00 7.350e-01 2.590e-01 1.064e-03 2.907e-04 2.640e-03 -1.000 6.000e-03 3.059 3.562 3.815 3.148
0.006 -0.40400 7.07918 1.3929336071 2.5292788167    1.393  0.692  3.8730  4.334    0  0.000  0.538     0.00     0.00     0.00     0.00     0.00 -1 -1.57e-13      0.00 7.350e-01 2.590e-01 1.064e-03 2.907e-04 2.640e-03 -1.000 6.000e-03 3.041 3.549 3.794 3.145
0.006 -0.40400 7.07918 1.4000000954 2.5299650415    1.400  0.695  3.8743  4.338    0  0.000  0.537     0.00     0.00     0.00     0.00     0.00 -1 -1.54e-13      0.00 7.350e-01 2.590e-01 1.064e-03 2.906e-04 2.640e-03 -1.000 6.000e-03 3.032 3.541 3.785 3.140
0.006 -0.40400 7.07918 1.4145295620 2.5313512534    1.415  0.703  3.8775  4.348    0  0.000  0.537     0.00     0.00     0.00     0.00     0.00 -1 -1.46e-13      0.00 7.350e-01 2.590e-01 1.064e-03 2.906e-04 2.640e-03 -1.000 6.000e-03 3.013 3.526 3.764 3.131
0.006 -0.40400 7.07918 1.4303113222 2.5328203073    1.431  0.729  3.8839  4.352    0  0.000  0.537     0.00     0.00     0.00     0.00     0.00 -1 -1.45e-13      0.00 7.350e-01 2.590e-01 1.064e-03 2.906e-04 2.640e-03 -1.000 6.000e-03 2.947 3.465 3.694 3.084
0.006 -0.40400 7.07918 1.4500000477 2.5346015836    1.450  0.763  3.8923  4.358    0  0.000  0.537     0.00     0.00     0.00     0.00     0.00 -1 -1.43e-13      0.00 7.350e-01 2.590e-01 1.064e-03 2.906e-04 2.640e-03 -1.000 6.000e-03 2.863 3.390 3.605 3.027
0.006 -0.40400 7.07918 1.4538443089 2.5349429131    1.454  0.770  3.8941  4.359    0  0.000  0.537     0.00     0.00     0.00     0.00     0.00 -1 -1.42e-13      0.00 7.350e-01 2.590e-01 1.064e-03 2.906e-04 2.640e-03 -1.000 6.000e-03 2.846 3.375 3.588 3.016
0.006 -0.40400 7.07918 1.4832515717 2.5374867937    1.483  0.819  3.9071  4.370    0  0.000  0.537     0.00     0.00     0.00     0.00     0.00 -1 -1.37e-13      0.00 7.350e-01 2.590e-01 1.064e-03 2.906e-04 2.640e-03 -1.000 6.000e-03 2.721 3.267 3.460 2.937
0.006 -0.40400 7.07918 1.5000000000 2.5388844597    1.500  0.844  3.9135  4.377    0  0.000  0.537     0.00     0.00     0.00     0.00     0.00 -1 -1.33e-13      0.00 7.350e-01 2.590e-01 1.064e-03 2.906e-04 2.640e-03 -1.000 6.000e-03 2.661 3.217 3.400 2.900
0.006 -0.40400 7.07918 1.5180649757 2.5403523041    1.518  0.870  3.9207  4.385    0  0.000  0.537     0.00     0.00     0.00     0.00     0.00 -1 -1.25e-13      0.00 7.350e-01 2.590e-01 1.064e-03 2.906e-04 2.640e-03 -1.000 6.000e-03 2.596 3.165 3.337 2.863
0.006 -0.40400 7.07918 1.5499999523 2.5428511323    1.550  0.908  3.9310  4.396    0  0.000  0.537     0.00     0.00     0.00     0.00     0.00 -1 -1.11e-13      0.00 7.350e-01 2.590e-01 1.064e-03 2.906e-04 2.640e-03 -1.000 6.000e-03 2.500 3.090 3.249 2.811
0.006 -0.40400 7.07918 1.6000000238 2.5465340628    1.600  0.964  3.9466  4.417    0  0.000  0.537     0.00     0.00     0.00     0.00     0.00 -1 -8.12e-14      0.00 7.351e-01 2.589e-01 1.064e-03 2.906e-04 2.639e-03 -1.000 6.000e-03 2.361 2.997 3.136 2.746
0.006 -0.40400 7.07918 1.6499999762 2.5499614773    1.649  1.011  3.9606  4.439    0  0.000  0.538     0.00     0.00     0.00     0.00     0.00 -1 -4.36e-14      0.00 7.351e-01 2.589e-01 1.064e-03 2.906e-04 2.639e-03 -1.000 6.000e-03 2.243 2.927 3.052 2.698
0.006 -0.40400 7.07918 1.6644443274 2.5509076329    1.664  1.024  3.9643  4.444    0  0.000  0.538     0.00     0.00     0.00     0.00     0.00 -1 -6.01e-19      0.00 7.351e-01 2.589e-01 1.064e-03 2.906e-04 2.639e-03 -1.000 6.000e-03 2.210 2.908 3.030 2.684
0.006 -0.40400 7.07918 1.7000000477 2.5531580802    1.699  1.061  3.9724  4.449    0  0.000  0.538     0.00     0.00     0.00     0.00     0.00 -1    -1e-30      0.00 7.351e-01 2.589e-01 1.064e-03 2.906e-04 2.639e-03 -1.000 6.000e-03 2.117 2.847 2.962 2.634
0.006 -0.40400 7.07918 1.7500000000 2.5561455243    1.749  1.113  3.9835  4.454    0  0.000  0.537     0.00     0.00     0.00     0.00     0.00 -1    -1e-30      0.00 7.351e-01 2.589e-01 1.064e-03 2.906e-04 2.640e-03 -1.000 6.000e-03 1.988 2.765 2.872 2.566
0.006 -0.40400 7.07918 1.7999999523 2.5589429085    1.799  1.163  3.9942  4.459    0  0.000  0.537     0.00     0.00     0.00     0.00     0.00 -1    -1e-30      0.00 7.351e-01 2.589e-01 1.064e-03 2.906e-04 2.640e-03 -1.000 6.000e-03 1.862 2.686 2.786 2.498
0.006 -0.40400 7.07918 1.8473684788 2.5614330735    1.846  1.208  4.0036  4.463    0  0.000  0.537     0.00     0.00     0.00     0.00     0.00 -1    -1e-30      0.00 7.351e-01 2.589e-01 1.064e-03 2.905e-04 2.639e-03 -1.000 6.000e-03 1.750 2.618 2.712 2.439
0.006 -0.40400 7.07918 1.8947367668 2.5637805846    1.894  1.251  4.0125  4.466    0  0.000  0.537     0.00     0.00     0.00     0.00     0.00 -1    -1e-30      0.00 7.351e-01 2.589e-01 1.064e-03 2.905e-04 2.639e-03 -1.000 6.000e-03 1.641 2.553 2.642 2.381
0.006 -0.40400 7.07918 1.9421052933 2.5659969039    1.941  1.294  4.0212  4.469    0  0.000  0.537     0.00     0.00     0.00     0.00     0.00 -1    -1e-30      0.00 7.351e-01 2.589e-01 1.064e-03 2.905e-04 2.639e-03 -1.000 6.000e-03 1.535 2.489 2.573 2.325
0.006 -0.40400 7.07918 1.9894737005 2.5680922856    1.989  1.336  4.0295  4.471    0  0.000  0.537     0.00     0.00     0.00     0.00     0.00 -1    -1e-30      0.00 7.351e-01 2.589e-01 1.064e-03 2.905e-04 2.639e-03 -1.000 6.000e-03 1.431 2.428 2.508 2.270
0.006 -0.40400 7.07918 2.0368421078 2.5700759835    2.036  1.375  4.0373  4.473    0  0.000  0.537     0.00     0.00     0.00     0.00     0.00 -1    -1e-30      0.00 7.351e-01 2.589e-01 1.064e-03 2.905e-04 2.639e-03 -1.000 6.000e-03 1.332 2.369 2.445 2.216
0.006 -0.40400 7.07918 2.0842103958 2.5719563403    2.083  1.414  4.0448  4.474    0  0.000  0.537     0.00     0.00     0.00     0.00     0.00 -1    -1e-30      0.00 7.351e-01 2.589e-01 1.064e-03 2.905e-04 2.639e-03 -1.000 6.000e-03 1.236 2.311 2.385 2.164
0.006 -0.40400 7.07918 2.1315791607 2.5737409310    2.130  1.452  4.0521  4.475    0  0.000  0.537     0.00     0.00     0.00     0.00     0.00 -1    -1e-30      0.00 7.351e-01 2.589e-01 1.064e-03 2.905e-04 2.639e-03 -1.000 6.000e-03 1.141 2.255 2.325 2.112
0.006 -0.40400 7.07918 2.1789474487 2.5754365685    2.178  1.489  4.0592  4.476    0  0.000  0.537     0.00     0.00     0.00     0.00     0.00 -1    -1e-30      0.00 7.351e-01 2.589e-01 1.064e-03 2.905e-04 2.639e-03 -1.000 6.000e-03 1.049 2.200 2.268 2.062
0.006 -0.40400 7.07918 2.2263157368 2.5770494954    2.225  1.524  4.0659  4.476    0  0.000  0.537     0.00     0.00     0.00     0.00     0.00 -1    -1e-30      0.00 7.352e-01 2.588e-01 1.064e-03 2.905e-04 2.639e-03 -1.000 6.000e-03 0.959 2.147 2.211 2.012
0.006 -0.40400 7.07918 2.2736840248 2.5785853799    2.272  1.560  4.0724  4.477    0  0.000  0.538     0.00     0.00     0.00     0.00     0.00 -1    -1e-30      0.00 7.352e-01 2.588e-01 1.064e-03 2.905e-04 2.639e-03 -1.000 6.000e-03 0.871 2.094 2.156 1.963
0.006 -0.40400 7.07918 2.3210525513 2.5800494018    2.320  1.594  4.0787  4.476    0  0.000  0.538     0.00     0.00     0.00     0.00     0.00 -1    -1e-30      0.00 7.352e-01 2.588e-01 1.064e-03 2.905e-04 2.639e-03 -1.000 6.000e-03 0.785 2.043 2.103 1.915
0.006 -0.40400 7.07918 2.3684210777 2.5814462823    2.367  1.627  4.0848  4.476    0  0.000  0.538     0.00     0.00     0.00     0.00     0.00 -1    -1e-30      0.00 7.352e-01 2.588e-01 1.064e-03 2.905e-04 2.639e-03 -1.000 6.000e-03 0.702 1.993 2.051 1.869
0.006 -0.40400 7.07918 2.5578947067 2.5864438610    2.556  1.751  4.1071  4.475    0  0.000  0.538     0.00     0.00     0.00     0.00     0.00 -1    -1e-30      0.00 7.350e-01 2.590e-01 1.065e-03 2.907e-04 2.640e-03 -1.000 6.000e-03 0.392 1.806 1.857 1.694
0.006 -0.40400 7.07918 2.7473683357 2.5906571649    2.746  1.866  4.1262  4.467    1  0.000  0.538     0.00     0.00     0.00     0.00     0.00 -1    -1e-30      0.00 7.350e-01 2.590e-01 1.065e-03 2.907e-04 2.641e-03 -1.000 6.000e-03 0.104 1.628 1.672 1.526
0.006 -0.40400 7.07918 2.8600368500 2.5928604500    2.859  1.931  4.1370  4.463    1  0.000  0.538     0.00     0.00     0.00     0.00     0.00 -1    -1e-30      0.00 7.350e-01 2.590e-01 1.065e-03 2.907e-04 2.641e-03 -1.000 6.000e-03 -0.057 1.528 1.569 1.432
0.006 -0.40400 7.07918 2.9368422031 2.5942514910    2.936  1.974  4.1443  4.461    1  0.000  0.538     0.00     0.00     0.00     0.00     0.00 -1    -1e-30      0.00 7.350e-01 2.590e-01 1.065e-03 2.907e-04 2.641e-03 -1.000 6.000e-03 -0.165 1.463 1.502 1.370
0.006 -0.40400 7.07918 3.1263158321 2.5973494584    3.125  2.074  4.1612  4.455    0  0.000  0.538     0.00     0.00     0.00     0.00     0.00 -1    -1e-30      0.00 7.350e-01 2.590e-01 1.065e-03 2.907e-04 2.641e-03 -1.000 6.000e-03 -0.416 1.311 1.344 1.226
0.006 -0.40400 7.07918 3.3157896996 2.6000438424    3.313  2.168  4.1766  4.448    1  0.000  0.538     0.00     0.00     0.00     0.00     0.00 -1    -1e-30      0.00 7.350e-01 2.590e-01 1.065e-03 2.907e-04 2.641e-03 -1.000 6.000e-03 -0.651 1.167 1.195 1.090
0.006 -0.40400 7.07918 3.5052630901 2.6024060213    3.502  2.256  4.1902  4.439    1  0.000  0.538     0.00     0.00     0.00     0.00     0.00 -1    -1e-30      0.00 7.350e-01 2.590e-01 1.065e-03 2.907e-04 2.641e-03 -1.000 6.000e-03 -0.871 1.028 1.052 0.958
0.006 -0.40400 7.07918 3.6947369576 2.6044917793    3.691  2.340  4.2032  4.430    1  0.000  0.538     0.00     0.00     0.00     0.00     0.00 -1    -1e-30      0.00 7.350e-01 2.590e-01 1.065e-03 2.907e-04 2.641e-03 -1.000 6.000e-03 -1.079 0.897 0.918 0.833
0.006 -0.40400 7.07918 3.8842105865 2.6063452704    3.882  2.419  4.2155  4.423    1  0.000  0.538     0.00     0.00     0.00     0.00     0.00 -1    -1e-30      0.00 7.350e-01 2.590e-01 1.065e-03 2.907e-04 2.641e-03 -1.000 6.000e-03 -1.276 0.774 0.791 0.716
0.006 -0.40400 7.07918 4.0736842155 2.6080018916    4.072  2.494  4.2273  4.415    1  0.000  0.538     0.00     0.00     0.00     0.00     0.00 -1    -1e-30      0.00 7.350e-01 2.590e-01 1.065e-03 2.907e-04 2.641e-03 -1.000 6.000e-03 -1.464 0.657 0.670 0.605
0.006 -0.40400 7.07918 4.2631587982 2.6094903264    4.260  2.565  4.2379  4.406    1  0.000  0.538     0.00     0.00     0.00     0.00     0.00 -1    -1e-30      0.00 7.350e-01 2.590e-01 1.065e-03 2.907e-04 2.641e-03 -1.000 6.000e-03 -1.642 0.543 0.553 0.496
0.006 -0.40400 7.07918 4.4526314735 2.6108340176    4.449  2.633  4.2484  4.399    1  0.000  0.538     0.00     0.00     0.00     0.00     0.00 -1    -1e-30      0.00 7.350e-01 2.590e-01 1.065e-03 2.907e-04 2.641e-03 -1.000 6.000e-03 -1.813 0.435 0.442 0.393
0.006 -0.40400 7.07918 4.6421055794 2.6120523611    4.639  2.698  4.2584  4.391    1  0.000  0.538     0.00     0.00     0.00     0.00     0.00 -1    -1e-30      0.00 7.350e-01 2.590e-01 1.065e-03 2.907e-04 2.641e-03 -1.000 6.000e-03 -1.976 0.331 0.335 0.294
0.006 -0.40400 7.07918 4.8315792084 2.6131614690    4.829  2.761  4.2679  4.384    1  0.000  0.538     0.00     0.00     0.00     0.00     0.00 -1    -1e-30      0.00 7.350e-01 2.590e-01 1.065e-03 2.907e-04 2.641e-03 -1.000 6.000e-03 -2.133 0.231 0.232 0.199
0.006 -0.40400 7.07918 5.0210523605 2.6141748657    5.020  2.821  4.2768  4.377    1  0.000  0.538     0.00     0.00     0.00     0.00     0.00 -1    -1e-30      0.00 7.350e-01 2.590e-01 1.065e-03 2.907e-04 2.641e-03 -1.000 6.000e-03 -2.283 0.134 0.132 0.106
0.006 -0.40400 7.07918 5.2105264664 2.6151039795    5.210  2.879  4.2854  4.369    1  0.000  0.538     0.00     0.00     0.00     0.00     0.00 -1    -1e-30      0.00 7.350e-01 2.590e-01 1.065e-03 2.907e-04 2.641e-03 -1.000 6.000e-03 -2.428 0.040 0.036 0.016
0.006 -0.40400 7.07918 5.4000000954 2.6159585105    5.401  2.935  4.2935  4.362    1  0.000  0.538     0.00     0.00     0.00     0.00     0.00 -1    -1e-30      0.00 7.350e-01 2.590e-01 1.065e-03 2.907e-04 2.641e-03 -1.000 6.000e-03 -2.567 -0.051 -0.058 -0.071
0.006 -0.40400 7.07918 5.5999999046 2.6167887565    5.601  2.992  4.3019  4.354    1  0.000  0.538     0.00     0.00     0.00     0.00     0.00 -1    -1e-30      0.00 7.350e-01 2.590e-01 1.065e-03 2.907e-04 2.641e-03 -1.000 6.000e-03 -2.709 -0.144 -0.153 -0.160
0.006 -0.40400 7.07918 5.8000001907 2.6175535027    5.801  3.047  4.3099  4.347    1  0.000  0.538     0.00     0.00     0.00     0.00     0.00 -1    -1e-30      0.00 7.350e-01 2.590e-01 1.065e-03 2.907e-04 2.641e-03 -1.000 6.000e-03 -2.846 -0.235 -0.246 -0.247
0.006 -0.40400 7.07918 6.0000000000 2.6182599138    6.000  3.100  4.3176  4.339    1  0.000  0.538     0.00     0.00     0.00     0.00     0.00 -1    -1e-30      0.00 7.350e-01 2.590e-01 1.065e-03 2.907e-04 2.641e-03 -1.000 6.000e-03 -2.979 -0.324 -0.337 -0.331
0.006 -0.40400 7.07918 6.1999998093 2.6189141709    6.200  3.151  4.3250  4.331    1  0.000  0.538     0.00     0.00     0.00     0.00     0.00 -1    -1e-30      0.00 7.350e-01 2.590e-01 1.065e-03 2.907e-04 2.641e-03 -1.000 6.000e-03 -3.108 -0.410 -0.425 -0.414
0.006 -0.40400 7.07918 6.4000000954 2.6195216279    6.399  3.201  4.3320  4.323    1  0.000  0.538     0.00     0.00     0.00     0.00     0.00 -1    -1e-30      0.00 7.350e-01 2.590e-01 1.065e-03 2.907e-04 2.641e-03 -1.000 6.000e-03 -3.232 -0.493 -0.511 -0.494
0.006 -0.40400 7.07918 6.7086677551 2.6203778963    6.706  3.274  4.3423  4.311    1  0.000  0.538     0.00     0.00     0.00     0.00     0.00 -1    -1e-30      0.00 7.350e-01 2.590e-01 1.065e-03 2.907e-04 2.641e-03 -1.000 6.000e-03 -3.416 -0.619 -0.639 -0.614
0.006 -0.40400 7.07918 7.0000000000 2.6211069280    6.996  3.341  4.3516  4.300    1  0.000  0.538     0.00     0.00     0.00     0.00     0.00 -1    -1e-30      0.00 7.350e-01 2.590e-01 1.065e-03 2.907e-04 2.641e-03 -1.000 6.000e-03 -3.584 -0.734 -0.757 -0.726
0.006 -0.40400 7.07918 7.3531298637 2.6219021504    7.351  3.418  4.3621  4.286    1  0.000  0.538     0.00     0.00     0.00     0.00     0.00 -1    -1e-30      0.00 7.350e-01 2.590e-01 1.065e-03 2.907e-04 2.641e-03 -1.000 6.000e-03 -3.776 -0.868 -0.894 -0.855
0.006 -0.40400 7.07918 7.9989371300 2.6231497952    8.000  3.553  4.3796  4.259    1  0.000  0.538     0.00     0.00     0.00     0.00     0.00 -1    -1e-30      0.00 7.350e-01 2.590e-01 1.065e-03 2.907e-04 2.641e-03 -1.000 6.000e-03 -4.112 -1.107 -1.138 -1.085
0.006 -0.40400 7.07918 8.0000000000 2.6231516585    8.001  3.553  4.3797  4.259    1  0.000  0.538     0.00     0.00     0.00     0.00     0.00 -1    -1e-30      0.00 7.350e-01 2.590e-01 1.065e-03 2.907e-04 2.641e-03 -1.000 6.000e-03 -4.112 -1.107 -1.138 -1.086
0.006 -0.40400 7.07918 8.3106527328 2.6236728402    8.309  3.613  4.3873  4.245    1  0.000  0.538     0.00     0.00     0.00     0.00     0.00 -1    -1e-30      0.00 7.350e-01 2.590e-01 1.065e-03 2.907e-04 2.641e-03 -1.000 6.000e-03 -4.263 -1.218 -1.250 -1.192
0.006 -0.40400 7.07918 8.7533006668 2.6243424839    8.749  3.697  4.3974  4.224    1  0.000  0.538     0.00     0.00     0.00     0.00     0.00 -1    -1e-30      0.00 7.350e-01 2.590e-01 1.065e-03 2.907e-04 2.641e-03 -1.000 6.000e-03 -4.473 -1.373 -1.409 -1.344
0.006 -0.40400 7.07918 9.0000000000 2.6246829947    8.995  3.743  4.4028  4.212    1  0.000  0.538     0.00     0.00     0.00     0.00     0.00 -1    -1e-30      0.00 7.350e-01 2.590e-01 1.065e-03 2.907e-04 2.641e-03 -1.000 6.000e-03 -4.588 -1.475 -1.511 -1.452
0.006 -0.40400 7.07918 9.2301054001 2.6249818067    9.225  3.784  4.4074  4.201    1  0.000  0.538     0.00     0.00     0.00     0.00     0.00 -1    -1e-30      0.00 7.350e-01 2.590e-01 1.065e-03 2.907e-04 2.641e-03 -1.000 6.000e-03 -4.690 -1.548 -1.587 -1.523
0.006 -0.40400 7.07918 9.6811408997 2.6255204059    9.678  3.862  4.4159  4.177    1  0.000  0.538     0.00     0.00     0.00     0.00     0.00 -1    -1e-30      0.00 7.350e-01 2.590e-01 1.065e-03 2.907e-04 2.641e-03 -1.000 6.000e-03 -4.886 -1.694 -1.735 -1.663
0.006 -0.40400 7.07918 10.0000000000 2.6258676431    9.998  3.916  4.4215  4.159    1  0.000  0.538     0.00     0.00     0.00     0.00     0.00 -1    -1e-30      0.00 7.350e-01 2.590e-01 1.065e-03 2.907e-04 2.641e-03 -1.000 6.000e-03 -5.021 -1.798 -1.841 -1.762
0.006 -0.40400 7.07918 10.3166093826 2.6261881210   10.316  3.968  4.4265  4.142    1  0.000  0.538     0.00     0.00     0.00     0.00     0.00 -1    -1e-30      0.00 7.350e-01 2.590e-01 1.065e-03 2.907e-04 2.641e-03 -1.000 6.000e-03 -5.150 -1.903 -1.948 -1.865
0.006 -0.40400 7.07918 10.7020864487 2.6265490227   10.703  4.031  4.4321  4.117    1  0.000  0.538     0.00     0.00     0.00     0.00     0.00 -1    -1e-30      0.00 7.350e-01 2.590e-01 1.065e-03 2.907e-04 2.641e-03 -1.000 6.000e-03 -5.306 -2.043 -2.088 -2.003
0.006 -0.40400 7.07918 11.0000000000 2.6268081058   11.001  4.078  4.4359  4.097    1  0.000  0.538     0.00     0.00     0.00     0.00     0.00 -1    -1e-30      0.00 7.350e-01 2.590e-01 1.065e-03 2.907e-04 2.641e-03 -1.000 6.000e-03 -5.426 -2.149 -2.195 -2.109
0.006 -0.40400 7.07918 11.4037361145 2.6271344965   11.405  4.140  4.4404  4.068    1  0.000  0.538     0.00     0.00     0.00     0.00     0.00 -1    -1e-30      0.00 7.350e-01 2.590e-01 1.065e-03 2.907e-04 2.641e-03 -1.000 6.000e-03 -5.581 -2.289 -2.335 -2.247
0.006 -0.40400 7.07918 11.7319059372 2.6273808509   11.733  4.190  4.4435  4.043    1  0.000  0.538     0.00     0.00     0.00     0.00     0.00 -1    -1e-30      0.00 7.350e-01 2.590e-01 1.065e-03 2.907e-04 2.641e-03 -1.000 6.000e-03 -5.706 -2.402 -2.449 -2.359
0.006 -0.40400 7.07918 12.0000000000 2.6275706487   12.001  4.231  4.4457  4.021    1  0.000  0.538     0.00     0.00     0.00     0.00     0.00 -1    -1e-30      0.00 7.350e-01 2.590e-01 1.065e-03 2.907e-04 2.641e-03 -1.000 6.000e-03 -5.807 -2.494 -2.542 -2.451
0.006 -0.40400 7.07918 12.3758678436 2.6278208885   12.370  4.285  4.4478  3.988    1  0.000  0.539     0.00     0.00     0.00     0.00     0.00 -1 -2.11e-26      0.00 7.350e-01 2.590e-01 1.068e-03 2.908e-04 2.641e-03 -1.000 6.000e-03 -5.943 -2.621 -2.669 -2.578
0.006 -0.40400 7.07918 12.7517986298 2.6280542771   12.739  4.339  4.4490  3.952    1  0.000  0.541     0.00     0.00     0.00     0.00     0.00 -1 -3.36e-22      0.00 7.350e-01 2.590e-01 1.071e-03 2.909e-04 2.641e-03 -1.000 6.000e-03 -6.077 -2.751 -2.799 -2.707
0.006 -0.40400 7.07918 13.1171703339 2.6282664312   13.096  4.391  4.4493  3.914    1  0.000  0.542     0.00     0.00     0.00     0.00     0.00 -1 -3.17e-18      0.00 7.349e-01 2.591e-01 1.073e-03 2.909e-04 2.640e-03 -1.000 6.000e-03 -6.207 -2.881 -2.929 -2.837
0.006 -0.40400 7.07918 13.4448614120 2.6284454695   13.416  4.438  4.4484  3.874    1  0.000  0.543     0.00     0.00     0.00     0.00     0.00 -1 -9.47e-15      0.00 7.349e-01 2.591e-01 1.075e-03 2.910e-04 2.640e-03 -1.000 6.000e-03 -6.324 -3.006 -3.054 -2.961
0.006 -0.40400 7.07918 13.8289861679 2.6286429678   13.790  4.493  4.4458  3.820    1  0.000  0.544     0.00     0.00     0.00     0.00     0.00 -1 -8.85e-11      0.00 7.349e-01 2.591e-01 1.078e-03 2.911e-04 2.640e-03 -1.000 6.000e-03 -6.461 -3.161 -3.210 -3.117
0.006 -0.40400 7.07918 14.0000009537 2.6287268962   13.957  4.517  4.4443  3.795    1  0.000  0.545     0.00     0.00     0.00     0.00     0.00 -1 -4.77e-09      0.00 7.349e-01 2.591e-01 1.079e-03 2.911e-04 2.640e-03 -1.000 6.000e-03 -6.522 -3.233 -3.281 -3.188
0.006 -0.40400 7.07918 14.3680486679 2.6288997535   14.319  4.567  4.4399  3.739    1  0.000  0.545     0.00     0.00     0.00     0.00     0.00 -1 -5.65e-09      0.00 7.349e-01 2.591e-01 1.079e-03 2.911e-04 2.640e-03 -1.000 6.000e-03 -6.647 -3.387 -3.435 -3.343
0.006 -0.40400 7.07918 14.6831493378 2.6290398526   14.628  4.610  4.4342  3.682    1  0.000  0.545     0.00     0.00     0.00     0.00     0.00 -1 -6.42e-09      0.00 7.349e-01 2.591e-01 1.079e-03 2.911e-04 2.640e-03 -1.000 6.000e-03 -6.754 -3.534 -3.580 -3.491
0.006 -0.40400 7.07918 14.9753942490 2.6291637478   14.913  4.650  4.4271  3.622    1  0.000  0.545     0.00     0.00     0.00     0.00     0.00 -1 -7.09e-09      0.00 7.349e-01 2.591e-01 1.079e-03 2.911e-04 2.640e-03 -1.000 6.000e-03 -6.855 -3.683 -3.729 -3.644
0.006 -0.40400 7.07918 15.2560882568 2.6292776213   15.187  4.689  4.4188  3.558    1  0.000  0.545     0.00     0.00     0.00     0.00     0.00 -1 -7.73e-09      0.00 7.349e-01 2.591e-01 1.079e-03 2.911e-04 2.640e-03 -1.000 6.000e-03 -6.952 -3.831 -3.873 -3.800
0.006 -0.40400 7.07918 15.4892044067 2.6293685941   15.415  4.722  4.4098  3.495    1  0.000  0.545     0.00     0.00     0.00     0.00     0.00 -1 -8.04e-09      0.00 7.349e-01 2.591e-01 1.079e-03 2.911e-04 2.640e-03 -1.000 6.000e-03 -7.035 -3.967 -4.004 -3.946
0.006 -0.40400 7.07918 15.7015113831 2.6294487490   15.622  4.753  4.4005  3.433    1  0.000  0.545     0.00     0.00     0.00     0.00     0.00 -1 -8.22e-09      0.00 7.349e-01 2.591e-01 1.079e-03 2.911e-04 2.640e-03 -1.000 6.000e-03 -7.112 -4.108 -4.140 -4.098
0.006 -0.40400 7.07918 15.9319734573 2.6295329834   15.846  4.788  4.3933  3.375    1  0.000  0.545     0.00     0.00     0.00     0.00     0.00 -1 -8.87e-09      0.00 7.349e-01 2.591e-01 1.079e-03 2.911e-04 2.640e-03 -1.000 6.000e-03 -7.200 -4.180 -4.216 -4.155
0.006 -0.40400 7.07918 15.9461221695 2.6295380636   15.860  4.790  4.3929  3.372    1  0.000  0.545     0.00     0.00     0.00     0.00     0.00 -1 -8.92e-09      0.00 7.349e-01 2.591e-01 1.079e-03 2.911e-04 2.640e-03 -1.000 6.000e-03 -7.205 -4.188 -4.224 -4.163
0.006 -0.40400 7.07918 16.0000000000 2.6295573144   15.912  4.801  4.3986  3.386    1  0.000  0.545     0.00     0.00     0.00     0.00     0.00 -1 -1.01e-08      0.00 7.349e-01 2.591e-01 1.079e-03 2.911e-04 2.640e-03 -1.000 6.000e-03 -7.232 -4.249 -4.281 -4.241
0.006 -0.40400 7.07918 16.0608348846 2.6295788726   15.971  4.812  4.4046  3.400    1  0.000  0.545     0.00     0.00     0.00     0.00     0.00 -1 -1.14e-08      0.00 7.349e-01 2.591e-01 1.079e-03 2.911e-04 2.640e-03 -1.000 6.000e-03 -7.260 -4.244 -4.277 -4.230
0.006 -0.40400 7.07918 16.0831756592 2.6295867424   15.992  4.821  4.4149  3.433    1  0.000  0.545     0.00     0.00     0.00     0.00     0.00 -1 -1.35e-08      0.00 7.349e-01 2.591e-01 1.079e-03 2.911e-04 2.640e-03 -1.000 6.000e-03 -7.282 -4.206 -4.244 -4.181
0.006 -0.40400 7.07918 16.0920772552 2.6295898711   16.000  4.831  4.4254  3.464    1  0.000  0.545     0.00     0.00     0.00     0.00     0.00 -1 -1.57e-08      0.00 7.349e-01 2.591e-01 1.079e-03 2.911e-04 2.640e-03 -1.000 6.000e-03 -7.308 -4.169 -4.213 -4.133
0.006 -0.40400 7.07918 16.0967864990 2.6295915247   16.005  4.845  4.4364  3.494    1  0.000  0.545     0.00     0.00     0.00     0.00     0.00 -1 -1.89e-08      0.00 7.349e-01 2.591e-01 1.079e-03 2.911e-04 2.640e-03 -1.000 6.000e-03 -7.344 -4.125 -4.173 -4.083
0.006 -0.40400 7.07918 16.0992202759 2.6295923789   16.007  4.857  4.4448  3.516    1  0.000  0.545     0.00     0.00     0.00     0.00     0.00 -1  -2.2e-08      0.00 7.349e-01 2.591e-01 1.079e-03 2.911e-04 2.640e-03 -1.000 6.000e-03 -7.372 -4.097 -4.146 -4.051
0.006 -0.40400 7.07918 16.0999832153 2.6295926466   16.008  4.860  4.4474  3.523    1  0.000  0.545     0.00     0.00     0.00     0.00     0.00 -1 -2.31e-08      0.00 7.349e-01 2.591e-01 1.079e-03 2.911e-04 2.640e-03 -1.000 6.000e-03 -7.381 -4.089 -4.139 -4.042
0.006 -0.40400 7.07918 16.1027545929 2.6295936187   16.010  4.844  4.4360  3.494    2  0.000  0.545     0.00     0.00     0.00     0.00     0.00 -1 -1.91e-08      0.00 7.349e-01 2.591e-01 1.079e-03 2.911e-04 2.640e-03 -1.000 6.000e-03 -7.341 -4.125 -4.172 -4.083
0.006 -0.40400 7.07918 16.1039943695 2.6295940535   16.012  4.841  4.4257  3.457    2  0.000  0.545     0.00     0.00     0.00     0.00     0.00 -1 -1.68e-08      0.00 7.349e-01 2.591e-01 1.079e-03 2.911e-04 2.640e-03 -1.000 6.000e-03 -7.332 -4.193 -4.237 -4.156
0.006 -0.40400 7.07918 16.1048717499 2.6295943612   16.013  4.841  4.4161  3.418    2  0.000  0.545     0.00     0.00     0.00     0.00     0.00 -1 -1.52e-08      0.00 7.349e-01 2.591e-01 1.079e-03 2.911e-04 2.640e-03 -1.000 6.000e-03 -7.332 -4.253 -4.292 -4.227
0.006 -0.40400 7.07918 16.1057872772 2.6295946821   16.013  4.843  4.4047  3.371    2  0.000  0.545     0.00     0.00     0.00     0.00     0.00 -1 -1.35e-08      0.00 7.349e-01 2.591e-01 1.079e-03 2.911e-04 2.640e-03 -1.000 6.000e-03 -7.336 -4.327 -4.361 -4.314
0.006 -0.40400 7.07918 16.1065750122 2.6295949583   16.014  4.845  4.3936  3.324    2  0.000  0.545     0.00     0.00     0.00     0.00     0.00 -1  -1.2e-08      0.00 7.349e-01 2.591e-01 1.079e-03 2.911e-04 2.640e-03 -1.000 6.000e-03 -7.343 -4.397 -4.428 -4.389
0.006 -0.40400 7.07918 16.1072368622 2.6295951903   16.015  4.847  4.3836  3.281    2  0.000  0.545     0.00     0.00     0.00     0.00     0.00 -1 -1.07e-08      0.00 7.349e-01 2.591e-01 1.079e-03 2.911e-04 2.640e-03 -1.000 6.000e-03 -7.349 -4.470 -4.499 -4.464
0.006 -0.40400 7.07918 16.1079177856 2.6295954289   16.016  4.850  4.3727  3.235    2  0.000  0.545     0.00     0.00     0.00     0.00     0.00 -1 -9.34e-09      0.00 7.349e-01 2.591e-01 1.079e-03 2.911e-04 2.640e-03 -1.000 6.000e-03 -7.355 -4.454 -4.484 -4.440
0.006 -0.40400 7.07918 16.1084632874 2.6295956201   16.016  4.852  4.3635  3.196    2  0.000  0.545     0.00     0.00     0.00     0.00     0.00 -1 -8.28e-09      0.00 7.349e-01 2.591e-01 1.079e-03 2.911e-04 2.640e-03 -1.000 6.000e-03 -7.360 -4.511 -4.538 -4.500
0.006 -0.40400 7.07918 16.1090164185 2.6295958139   16.017  4.854  4.3536  3.155    2  0.000  0.545     0.00     0.00     0.00     0.00     0.00 -1 -8.68e-09      0.00 7.349e-01 2.591e-01 1.079e-03 2.911e-04 2.640e-03 -1.000 6.000e-03 -7.365 -4.571 -4.596 -4.565
0.006 -0.40400 7.07918 16.1095752716 2.6295960097   16.017  4.856  4.3431  3.111    2  0.000  0.545     0.00     0.00     0.00     0.00     0.00 -1 -1.32e-07      0.00 7.349e-01 2.591e-01 1.079e-03 2.911e-04 2.640e-03 -1.000 6.000e-03 -7.369 -4.712 -4.735 -4.719
0.006 -0.40400 7.07918 16.1101455688 2.6295962095   16.018  4.858  4.3319  3.065    2  0.000  0.545     0.00     0.00     0.00     0.00     0.00 -1  -1.8e-07      0.00 7.349e-01 2.591e-01 1.079e-03 2.911e-04 2.640e-03 -1.000 6.000e-03 -7.374 -4.774 -4.797 -4.777
0.006 -0.40400 7.07918 16.1105690002 2.6295963579   16.018  4.859  4.3232  3.029    2  0.000  0.545     0.00     0.00     0.00     0.00     0.00 -1 -1.77e-07      0.00 7.349e-01 2.591e-01 1.079e-03 2.911e-04 2.640e-03 -1.000 6.000e-03 -7.377 -4.818 -4.841 -4.822
0.006 -0.40400 7.07918 16.1109981537 2.6295965082   16.018  4.860  4.3141  2.991    2  0.000  0.545     0.00     0.00     0.00     0.00     0.00 -1 -1.74e-07      0.00 7.349e-01 2.591e-01 1.079e-03 2.911e-04 2.640e-03 -1.000 6.000e-03 -7.380 -4.869 -4.889 -4.879
0.006 -0.40400 7.07918 16.1114330292 2.6295966605   16.019  4.861  4.3045  2.952    2  0.000  0.545     0.00     0.00     0.00     0.00     0.00 -1  -1.7e-07      0.00 7.349e-01 2.591e-01 1.079e-03 2.911e-04 2.640e-03 -1.000 6.000e-03 -7.382 -4.927 -4.942 -4.945
0.006 -0.40400 7.07918 16.1118717194 2.6295968142   16.019  4.862  4.2944  2.911    2  0.000  0.545     0.00     0.00     0.00     0.00     0.00 -1 -1.67e-07      0.00 7.349e-01 2.591e-01 1.079e-03 2.911e-04 2.640e-03 -1.000 6.000e-03 -7.384 -4.917 -4.927 -4.938
0.006 -0.40400 7.07918 16.1123199463 2.6295969712   16.020  4.863  4.2837  2.867    2  0.000  0.545     0.00     0.00     0.00     0.00     0.00 -1 -1.63e-07      0.00 7.349e-01 2.591e-01 1.079e-03 2.911e-04 2.640e-03 -1.000 6.000e-03 -7.386 -4.982 -4.987 -5.010
0.006 -0.40400 7.07918 16.1127777100 2.6295971315   16.020  4.863  4.2722  2.820    2  0.000  0.545     0.00     0.00     0.00     0.00     0.00 -1 -1.59e-07      0.00 7.349e-01 2.591e-01 1.079e-03 2.911e-04 2.640e-03 -1.000 6.000e-03 -7.388 -5.049 -5.051 -5.084
0.006 -0.40400 7.07918 16.1132583618 2.6295972998   16.020  4.864  4.2597  2.770    2  0.000  0.545     0.00     0.00     0.00     0.00     0.00 -1 -1.56e-07      0.00 7.349e-01 2.591e-01 1.079e-03 2.911e-04 2.640e-03 -1.000 6.000e-03 -7.389 -5.121 -5.120 -5.163
0.006 -0.40400 7.07918 16.1135921478 2.6295974167   16.020  4.864  4.2506  2.733    2  0.000  0.545     0.00     0.00     0.00     0.00     0.00 -1 -1.51e-07      0.00 7.349e-01 2.591e-01 1.079e-03 2.911e-04 2.640e-03 -1.000 6.000e-03 -7.389 -5.174 -5.169 -5.221
0.006 -0.40400 7.07918 16.1139392853 2.6295975383   16.021  4.864  4.2407  2.693    2  0.000  0.545     0.00     0.00     0.00     0.00     0.00 -1 -1.48e-07      0.00 7.349e-01 2.591e-01 1.079e-03 2.911e-04 2.640e-03 -1.000 6.000e-03 -7.390 -5.230 -5.223 -5.283
0.006 -0.40400 7.07918 16.1143131256 2.6295976692   16.021  4.864  4.2297  2.650    2  0.000  0.545     0.00     0.00     0.00     0.00     0.00 -1 -1.44e-07      0.00 7.349e-01 2.591e-01 1.079e-03 2.911e-04 2.640e-03 -1.000 6.000e-03 -7.389 -5.293 -5.281 -5.351
0.006 -0.40400 7.07918 16.1147365570 2.6295978174   16.021  4.863  4.2165  2.597    2  0.000  0.545     0.00     0.00     0.00     0.00     0.00 -1  -1.4e-07      0.00 7.349e-01 2.591e-01 1.079e-03 2.911e-04 2.640e-03 -1.000 6.000e-03 -7.388 -5.367 -5.351 -5.433
0.006 -0.40400 7.07918 16.1149806976 2.6295979029   16.021  4.863  4.2086  2.566    2  0.000  0.545     0.00     0.00     0.00     0.00     0.00 -1 -1.37e-07      0.00 7.349e-01 2.591e-01 1.079e-03 2.911e-04 2.640e-03 -1.000 6.000e-03 -7.388 -5.411 -5.393 -5.481
0.006 -0.40400 7.07918 16.1152553558 2.6295979991   16.022  4.863  4.1995  2.530    2  0.000  0.545     0.00     0.00     0.00     0.00     0.00 -1 -1.34e-07      0.00 7.349e-01 2.591e-01 1.079e-03 2.911e-04 2.640e-03 -1.000 6.000e-03 -7.387 -5.462 -5.441 -5.537
0.006 -0.40400 7.07918 16.1155605316 2.6295981059   16.022  4.862  4.1888  2.488    2  0.000  0.545     0.00     0.00     0.00     0.00     0.00 -1  -1.3e-07      0.00 7.349e-01 2.591e-01 1.079e-03 2.911e-04 2.640e-03 -1.000 6.000e-03 -7.385 -5.522 -5.497 -5.602
0.006 -0.40400 7.07918 16.1159019470 2.6295982254   16.022  4.861  4.1764  2.439    2  0.000  0.545     0.00     0.00     0.00     0.00     0.00 -1 -1.26e-07      0.00 7.349e-01 2.591e-01 1.079e-03 2.911e-04 2.640e-03 -1.000 6.000e-03 -7.383 -5.590 -5.561 -5.677
0.006 -0.40400 7.07918 16.1162834167 2.6295983590   16.023  4.860  4.1617  2.381    2  0.000  0.545     0.00     0.00     0.00     0.00     0.00 -1 -1.21e-07      0.00 7.349e-01 2.591e-01 1.079e-03 2.911e-04 2.640e-03 -1.000 6.000e-03 -7.380 -5.669 -5.635 -5.766
0.006 -0.40400 7.07918 16.1167087555 2.6295985079   16.023  4.858  4.1442  2.313    2  0.000  0.545     0.00     0.00     0.00     0.00     0.00 -1 -1.16e-07      0.00 7.349e-01 2.591e-01 1.079e-03 2.911e-04 2.640e-03 -1.000 6.000e-03 -7.376 -5.763 -5.721 -5.872
0.006 -0.40400 7.07918 16.1171875000 2.6295986754   16.023  4.856  4.1229  2.230    2  0.000  0.545     0.00     0.00     0.00     0.00     0.00 -1  -1.1e-07      0.00 7.349e-01 2.591e-01 1.079e-03 2.911e-04 2.640e-03 -1.000 6.000e-03 -7.371 -5.880 -5.832 -5.998
0.006 -0.40400 7.07918 16.1177196503 2.6295988617   16.024  4.854  4.0970  2.129    2  0.000  0.545     0.00     0.00     0.00     0.00     0.00 -1 -1.03e-07      0.00 7.349e-01 2.591e-01 1.079e-03 2.911e-04 2.640e-03 -1.000 6.000e-03 -7.364 -6.021 -5.965 -6.150
0.006 -0.40400 7.07918 16.1183166504 2.6295990706   16.024  4.851  4.0641  2.001    2  0.000  0.545     0.00     0.00     0.00     0.00     0.00 -1 -9.49e-08      0.00 7.349e-01 2.591e-01 1.079e-03 2.911e-04 2.640e-03 -1.000 6.000e-03 -7.356 -6.180 -6.107 -6.341
0.006 -0.40400 7.07918 16.1189708710 2.6295992995   16.025  4.847  4.0230  1.840    2  0.000  0.545     0.00     0.00     0.00     0.00     0.00 -1 -8.77e-08      0.00 7.349e-01 2.591e-01 1.079e-03 2.911e-04 2.640e-03 -1.000 6.000e-03 -7.347 -6.383 -6.296 -6.566
0.006 -0.40400 7.07918 16.1196212769 2.6295995271   16.025  4.842  3.9749  1.652    2  0.000  0.545     0.00     0.00     0.00     0.00     0.00 -1  -9.7e-08      0.00 7.349e-01 2.591e-01 1.079e-03 2.911e-04 2.640e-03 -1.000 6.000e-03 -7.336 -6.599 -6.495 -6.807
0.006 -0.40400 7.07918 16.1202526093 2.6295997480   16.026  4.837  3.9209  1.441    2  0.000  0.545     0.00     0.00     0.00     0.00     0.00 -1 -3.58e-07      0.00 7.349e-01 2.591e-01 1.079e-03 2.911e-04 2.640e-03 -1.000 6.000e-03 -7.323 -6.789 -6.653 -7.047
0.006 -0.40400 7.07918 16.1208438873 2.6295999548   16.026  4.829  3.8626  1.216    2  0.000  0.545     0.00     0.00     0.00     0.00     0.00 -1 -7.72e-07      0.00 7.349e-01 2.591e-01 1.079e-03 2.911e-04 2.640e-03 -1.000 6.000e-03 -7.304 -6.888 -6.690 -7.238
0.006 -0.40400 7.07918 16.1211147308 2.6296000496   16.026  4.824  3.8329  1.102    2  0.000  0.545     0.00     0.00     0.00     0.00     0.00 -1 -7.22e-07      0.00 7.349e-01 2.591e-01 1.079e-03 2.911e-04 2.640e-03 -1.000 6.000e-03 -7.290 -6.895 -6.641 -7.317
0.006 -0.40400 7.07918 16.1212654114 2.6296001023   16.026  4.819  3.8142  1.032    2  0.000  0.545     0.00     0.00     0.00     0.00     0.00 -1  -6.8e-07      0.00 7.349e-01 2.591e-01 1.079e-03 2.911e-04 2.640e-03 -1.000 6.000e-03 -7.278 -6.890 -6.594 -7.362
0.006 -0.40400 7.07918 16.1214370728 2.6296001623   16.026  4.814  3.7928  0.952    2  0.000  0.545     0.00     0.00     0.00     0.00     0.00 -1 -6.35e-07      0.00 7.349e-01 2.591e-01 1.079e-03 2.911e-04 2.640e-03 -1.000 6.000e-03 -7.265 -6.878 -6.529 -7.407
0.006 -0.40400 7.07918 16.1216239929 2.6296002277   16.026  4.806  3.7693  0.866    2  0.000  0.545     0.00     0.00     0.00     0.00     0.00 -1 -5.63e-07      0.00 7.349e-01 2.591e-01 1.079e-03 2.911e-04 2.640e-03 -1.000 6.000e-03 -7.245 -6.848 -6.435 -7.440
0.006 -0.40400 7.07918 16.1218357086 2.6296003017   16.026  4.792  3.7423  0.771    2  0.000  0.545     0.00     0.00     0.00     0.00     0.00 -1 -4.67e-07      0.00 7.349e-01 2.591e-01 1.079e-03 2.911e-04 2.640e-03 -1.000 6.000e-03 -7.211 -6.791 -6.303 -7.449
0.006 -0.40400 7.07918 16.1220722198 2.6296003845   16.026  4.772  3.7099  0.663    2  0.000  0.545     0.00     0.00     0.00     0.00     0.00 -1 -4.04e-07      0.00 7.349e-01 2.591e-01 1.079e-03 2.911e-04 2.640e-03 -1.000 6.000e-03 -7.159 -6.687 -6.110 -7.417
0.006 -0.40400 7.07918 16.1223373413 2.6296004772   16.026  4.739  3.6740  0.552    2  0.000  0.545     0.00     0.00     0.00     0.00     0.00 -1 -3.35e-07      0.00 7.349e-01 2.591e-01 1.079e-03 2.911e-04 2.640e-03 -1.000 6.000e-03 -7.076 -6.516 -5.832 -7.322
0.006 -0.40400 7.07918 16.1226100922 2.6296005726   16.027  4.692  3.6465  0.489    2  0.000  0.545     0.00     0.00     0.00     0.00     0.00 -1 -2.62e-07      0.00 7.349e-01 2.591e-01 1.079e-03 2.911e-04 2.640e-03 -1.000 6.000e-03 -6.960 -6.296 -5.518 -7.161
0.006 -0.40400 7.07918 16.1231861115 2.6296007740   16.027  4.638  3.6226  0.448    2  0.000  0.545     0.00     0.00     0.00     0.00     0.00 -1 -1.49e-07      0.00 7.349e-01 2.591e-01 1.079e-03 2.911e-04 2.640e-03 -1.000 6.000e-03 -6.824 -6.038 -5.174 -6.953
0.006 -0.40400 7.07918 16.1234741211 2.6296008747   16.028  4.688  3.6120  0.355    3  0.000  0.533   192.77    91.24    61.07    44.07    36.71  4 -1.46e-07      0.00 7.348e-01 2.592e-01 1.056e-03 3.107e-04 2.638e-03 -1.000 6.000e-03 -6.949 -6.100 -5.187 -7.042
0.006 -0.40400 7.07918 16.1237869263 2.6296009841   16.028  4.765  3.6004  0.232    3  0.000  0.492   260.79   114.05    75.58    54.72    45.61  4 -1.65e-07      0.00 7.345e-01 2.595e-01 9.709e-04 3.865e-04 2.632e-03 -1.000 6.000e-03 -7.142 -6.217 -5.241 -7.191
0.006 -0.40400 7.07918 16.1238842010 2.6296010181   16.028  4.790  3.5976  0.195    3  0.000  0.460   280.24   121.80    80.48    58.32    48.62  4 -1.96e-07      0.00 7.311e-01 2.628e-01 8.938e-04 5.175e-04 2.589e-03 -1.000 6.042e-03 -7.205 -6.260 -5.267 -7.242
0.006 -0.40400 7.07918 16.1239509583 2.6296010415   16.028  4.807  3.5957  0.171    3  0.000  0.438   290.97   127.29    83.94    60.87    50.75  4  -2.2e-07      0.00 7.289e-01 2.651e-01 8.422e-04 6.052e-04 2.560e-03 -1.000 6.070e-03 -7.247 -6.288 -5.284 -7.277
0.006 -0.40400 7.07918 16.1240844727 2.6296010882   16.028  4.839  3.5925  0.126    3  0.000  0.413   312.04   138.16    90.77    65.90    54.96  4 -2.72e-07      0.00 7.209e-01 2.730e-01 7.672e-04 7.695e-04 2.476e-03 -1.000 6.066e-03 -7.328 -6.345 -5.320 -7.343
0.006 -0.40400 7.07918 16.1242198944 2.6296011355   16.028  4.869  3.5898  0.085    3  0.000  0.405   332.32   148.74    97.40    70.79    59.04  3 -3.28e-07      0.00 7.100e-01 2.840e-01 7.203e-04 9.186e-04 2.371e-03 -1.000 6.007e-03 -7.403 -6.400 -5.357 -7.407
0.006 -0.40400 7.07918 16.1248817444 2.6296013669   16.028  4.929  3.5843  0.003    3  0.000  0.393   377.05   172.47   112.19    81.72    68.18  0 -4.96e-07      0.00 6.934e-01 3.006e-01 6.518e-04 1.141e-03 2.213e-03 -1.000 6.000e-03 -7.553 -6.505 -5.421 -7.530
0.006 -0.40400 7.07918 16.1262569427 2.6296018476   16.029  4.952  3.5823 -0.028    3  0.000  0.388   395.40   182.35   118.32    86.25    71.98  0 -6.13e-07      0.00 6.876e-01 3.064e-01 6.289e-04 1.217e-03 2.159e-03 -1.000 6.000e-03 -7.609 -6.545 -5.446 -7.577
0.006 -0.40400 7.07918 16.1425704956 2.6296075433   16.036  4.931  3.5847  0.003    4  0.000  0.388     0.00     0.00     0.00     0.00     0.00 -1 -5.57e-07      0.00 6.876e-01 3.064e-01 6.291e-04 1.216e-03 2.159e-03 -1.000 6.000e-03 -7.558 -6.514 -5.433 -7.538
0.006 -0.40400 7.07918 16.1644153595 2.6296151495   16.046  4.901  3.5882  0.047    4  0.000  0.388     0.00     0.00     0.00     0.00     0.00 -1 -4.83e-07      0.00 6.877e-01 3.063e-01 6.295e-04 1.215e-03 2.160e-03 -1.000 6.000e-03 -7.483 -6.468 -5.411 -7.480
0.006 -0.40400 7.07918 16.1926116943 2.6296249323   16.062  4.874  3.5918  0.089    4  0.000  0.389     0.00     0.00     0.00     0.00     0.00 -1 -4.27e-07      0.00 6.878e-01 3.062e-01 6.300e-04 1.213e-03 2.162e-03 -1.000 6.000e-03 -7.416 -6.427 -5.395 -7.429
0.006 -0.40400 7.07918 16.2382888794 2.6296406973   16.089  4.850  3.5967  0.133    4  0.000  0.389     0.00     0.00     0.00     0.00     0.00 -1 -3.78e-07      0.00 6.879e-01 3.061e-01 6.308e-04 1.211e-03 2.164e-03 -1.000 6.000e-03 -7.356 -6.403 -5.400 -7.390
0.006 -0.40400 7.07918 16.2757091522 2.6296535367   16.112  4.838  3.6004  0.161    4  0.000  0.389     0.00     0.00     0.00     0.00     0.00 -1 -3.54e-07      0.00 6.880e-01 3.060e-01 6.315e-04 1.208e-03 2.165e-03 -1.000 6.000e-03 -7.325 -6.399 -5.417 -7.375
0.006 -0.40400 7.07918 16.3017654419 2.6296624369   16.128  4.862  3.6070  0.163    5  0.000  0.389     0.00     0.00     0.00     0.00     0.00 -1 -3.95e-07      0.00 6.881e-01 3.059e-01 6.320e-04 1.207e-03 2.167e-03 -1.000 6.000e-03 -7.385 -6.501 -5.549 -7.462
0.006 -0.40400 7.07918 16.3107223511 2.6296654889   16.133  4.901  3.6132  0.150    5  0.000  0.389     0.00     0.00     0.00     0.00     0.00 -1 -4.72e-07      0.00 6.881e-01 3.059e-01 6.321e-04 1.206e-03 2.167e-03 -1.000 6.000e-03 -7.482 -6.635 -5.709 -7.583
0.006 -0.40400 7.07918 16.3136787415 2.6296664954   16.134  4.966  3.6389  0.187    5  0.000  0.389     0.00     0.00     0.00     0.00     0.00 -1  -6.8e-07      0.00 6.881e-01 3.059e-01 6.322e-04 1.206e-03 2.167e-03 -1.000 6.000e-03 -7.646 -6.943 -6.116 -7.835
0.006 -0.40400 7.07918 16.3150501251 2.6296669621   16.135  4.978  3.7691  0.696    5  0.000  0.389     0.00     0.00     0.00     0.00     0.00 -1 -1.01e-06      0.00 6.881e-01 3.059e-01 6.322e-04 1.206e-03 2.167e-03 -1.000 6.000e-03 -7.674 -7.280 -6.867 -7.872
0.006 -0.40400 7.07918 16.3156757355 2.6296671750   16.135  4.977  3.8219  0.908    5  0.000  0.389     0.00     0.00     0.00     0.00     0.00 -1 -1.15e-06      0.00 6.881e-01 3.059e-01 6.322e-04 1.206e-03 2.167e-03 -1.000 6.000e-03 -7.672 -7.284 -7.008 -7.732
0.006 -0.40400 7.07918 16.3159084320 2.6296672542   16.134  4.977  3.8385  0.975    5  0.000  0.389     0.00     0.00     0.00     0.00     0.00 -1  -1.2e-06      0.00 6.881e-01 3.059e-01 6.322e-04 1.206e-03 2.167e-03 -1.000 6.000e-03 -7.672 -7.277 -7.037 -7.681
0.006 -0.40400 7.07918 16.3161487579 2.6296673360   16.134  4.977  3.8541  1.037    5  0.000  0.389     0.00     0.00     0.00     0.00     0.00 -1 -1.24e-06      0.00 6.881e-01 3.059e-01 6.322e-04 1.206e-03 2.167e-03 -1.000 6.000e-03 -7.672 -7.266 -7.056 -7.632
0.006 -0.40400 7.07918 16.3163890839 2.6296674177   16.134  4.977  3.8693  1.098    5  0.000  0.389     0.00     0.00     0.00     0.00     0.00 -1 -1.28e-06      0.00 6.881e-01 3.059e-01 6.322e-04 1.206e-03 2.167e-03 -1.000 6.000e-03 -7.672 -7.250 -7.064 -7.584
0.006 -0.40400 7.07918 16.3166275024 2.6296674989   16.134  4.977  3.8830  1.153    5  0.000  0.389     0.00     0.00     0.00     0.00     0.00 -1 -1.33e-06      0.00 6.881e-01 3.059e-01 6.322e-04 1.206e-03 2.167e-03 -1.000 6.000e-03 -7.671 -7.230 -7.061 -7.538
0.006 -0.40400 7.07918 16.3168983459 2.6296675910   16.134  4.976  3.8985  1.215    5  0.000  0.389     0.00     0.00     0.00     0.00     0.00 -1 -1.39e-06      0.00 6.881e-01 3.059e-01 6.322e-04 1.206e-03 2.167e-03 -1.000 6.000e-03 -7.671 -7.197 -7.043 -7.485
0.006 -0.40400 7.07918 16.3171977997 2.6296676929   16.133  4.976  3.9136  1.276    5  0.000  0.389     0.00     0.00     0.00     0.00     0.00 -1 -1.44e-06      0.00 6.881e-01 3.059e-01 6.322e-04 1.206e-03 2.167e-03 -1.000 6.000e-03 -7.669 -7.153 -7.008 -7.426
0.006 -0.40400 7.07918 16.3175315857 2.6296678064   16.133  4.975  3.9299  1.342    5  0.000  0.389     0.00     0.00     0.00     0.00     0.00 -1 -1.51e-06      0.00 6.881e-01 3.059e-01 6.322e-04 1.206e-03 2.167e-03 -1.000 6.000e-03 -7.668 -7.104 -6.974 -7.354
0.006 -0.40400 7.07918 16.3179054260 2.6296679336   16.133  4.974  3.9460  1.408    5  0.000  0.389     0.00     0.00     0.00     0.00     0.00 -1 -1.56e-06      0.00 6.881e-01 3.059e-01 6.322e-04 1.206e-03 2.167e-03 -1.000 6.000e-03 -7.665 -7.036 -6.910 -7.280
0.006 -0.40400 7.07918 16.3183231354 2.6296680757   16.133  4.973  3.9622  1.474    5  0.000  0.389     0.00     0.00     0.00     0.00     0.00 -1 -7.96e-07      0.00 6.881e-01 3.059e-01 6.323e-04 1.206e-03 2.167e-03 -1.000 6.000e-03 -7.662 -6.973 -6.860 -7.197
0.006 -0.40400 7.07918 16.3187923431 2.6296682353   16.133  4.971  3.9788  1.542    5  0.000  0.389     0.00     0.00     0.00     0.00     0.00 -1 -1.96e-07      0.00 6.881e-01 3.059e-01 6.323e-04 1.206e-03 2.167e-03 -1.000 6.000e-03 -7.658 -6.903 -6.801 -7.109
0.006 -0.40400 7.07918 16.3193149567 2.6296684130   16.134  4.969  3.9939  1.605    5  0.000  0.389     0.00     0.00     0.00     0.00     0.00 -1    -2e-07      0.00 6.881e-01 3.059e-01 6.323e-04 1.206e-03 2.167e-03 -1.000 6.000e-03 -7.652 -6.829 -6.731 -7.027
0.006 -0.40400 7.07918 16.3199005127 2.6296686122   16.134  4.966  4.0090  1.667    5  0.000  0.389     0.00     0.00     0.00     0.00     0.00 -1 -2.07e-07      0.00 6.881e-01 3.059e-01 6.323e-04 1.206e-03 2.167e-03 -1.000 6.000e-03 -7.646 -6.751 -6.659 -6.941
0.006 -0.40400 7.07918 16.3205528259 2.6296688340   16.135  4.964  4.0235  1.728    5  0.000  0.389     0.00     0.00     0.00     0.00     0.00 -1 -2.12e-07      0.00 6.881e-01 3.059e-01 6.323e-04 1.206e-03 2.167e-03 -1.000 6.000e-03 -7.639 -6.673 -6.586 -6.856
0.006 -0.40400 7.07918 16.3212833405 2.6296690824   16.135  4.961  4.0365  1.783    5  0.000  0.389     0.00     0.00     0.00     0.00     0.00 -1 -2.16e-07      0.00 6.881e-01 3.059e-01 6.323e-04 1.206e-03 2.168e-03 -1.000 6.000e-03 -7.632 -6.601 -6.518 -6.776
0.006 -0.40400 7.07918 16.3220977783 2.6296693593   16.136  4.958  4.0481  1.832    5  0.000  0.389     0.00     0.00     0.00     0.00     0.00 -1 -2.21e-07      0.00 6.881e-01 3.059e-01 6.323e-04 1.206e-03 2.168e-03 -1.000 6.000e-03 -7.625 -6.533 -6.454 -6.703
0.006 -0.40400 7.07918 16.3230113983 2.6296696699   16.137  4.955  4.0587  1.878    5  0.000  0.389     0.00     0.00     0.00     0.00     0.00 -1 -2.27e-07      0.00 6.882e-01 3.058e-01 6.323e-04 1.206e-03 2.168e-03 -1.000 6.000e-03 -7.617 -6.470 -6.395 -6.634
0.006 -0.40400 7.07918 16.3240299225 2.6296700161   16.137  4.952  4.0680  1.918    5  0.000  0.389     0.00     0.00     0.00     0.00     0.00 -1  -2.3e-07      0.00 6.882e-01 3.058e-01 6.324e-04 1.206e-03 2.168e-03 -1.000 6.000e-03 -7.610 -6.413 -6.341 -6.572
0.006 -0.40400 7.07918 16.3251686096 2.6296704031   16.138  4.950  4.0761  1.953    5  0.000  0.389     0.00     0.00     0.00     0.00     0.00 -1  -2.3e-07      0.00 6.882e-01 3.058e-01 6.324e-04 1.206e-03 2.168e-03 -1.000 6.000e-03 -7.604 -6.370 -6.305 -6.517
0.006 -0.40400 7.07918 16.3264408112 2.6296708354   16.139  4.948  4.0814  1.976    5  0.000  0.389     0.00     0.00     0.00     0.00     0.00 -1 -2.32e-07      0.00 6.882e-01 3.058e-01 6.324e-04 1.205e-03 2.168e-03 -1.000 6.000e-03 -7.600 -6.341 -6.281 -6.479
0.006 -0.40400 7.07918 16.3278617859 2.6296713181   16.140  4.946  4.0874  2.002    5  0.000  0.389     0.00     0.00     0.00     0.00     0.00 -1 -2.34e-07      0.00 6.882e-01 3.058e-01 6.324e-04 1.205e-03 2.168e-03 -1.000 6.000e-03 -7.595 -6.304 -6.246 -6.439
0.006 -0.40400 7.07918 16.3312206268 2.6296724589   16.143  4.944  4.0953  2.035    5  0.000  0.389     0.00     0.00     0.00     0.00     0.00 -1 -2.39e-07      0.00 6.882e-01 3.058e-01 6.325e-04 1.205e-03 2.168e-03 -1.000 6.000e-03 -7.590 -6.255 -6.200 -6.386
0.006 -0.40400 7.07918 16.3354110718 2.6296738812   16.146  4.943  4.1005  2.057    5  0.000  0.389     0.00     0.00     0.00     0.00     0.00 -1 -2.42e-07      0.00 6.882e-01 3.058e-01 6.326e-04 1.205e-03 2.168e-03 -1.000 6.000e-03 -7.589 -6.225 -6.171 -6.353
0.006 -0.40400 7.07918 16.3428382874 2.6296764003   16.151  4.944  4.1073  2.084    5  0.000  0.389     0.00     0.00     0.00     0.00     0.00 -1 -2.47e-07      0.00 6.882e-01 3.058e-01 6.327e-04 1.204e-03 2.168e-03 -1.000 6.000e-03 -7.589 -6.188 -6.136 -6.312
0.006 -0.40400 7.07918 16.3533039093 2.6296799453   16.159  4.947  4.1139  2.106    5  0.000  0.389     0.00     0.00     0.00     0.00     0.00 -1 -2.62e-07      0.00 6.882e-01 3.058e-01 6.329e-04 1.204e-03 2.169e-03 -1.000 6.000e-03 -7.599 -6.160 -6.110 -6.281
0.006 -0.40400 7.07918 16.3639335632 2.6296835406   16.166  4.956  4.1196  2.121    5  0.000  0.389     0.00     0.00     0.00     0.00     0.00 -1 -2.78e-07      0.00 6.883e-01 3.057e-01 6.331e-04 1.203e-03 2.169e-03 -1.000 6.000e-03 -7.620 -6.147 -6.099 -6.267
0.006 -0.40400 7.07918 16.3797302246 2.6296888736   16.177  4.963  4.1461  2.220    5  0.000  0.389     0.00     0.00     0.00     0.00     0.00 -1 -2.83e-07      0.00 6.883e-01 3.057e-01 6.334e-04 1.202e-03 2.170e-03 -1.000 6.000e-03 -7.637 -6.011 -5.969 -6.122
0.006 -0.40400 7.07918 16.4098110199 2.6296989963   16.198  4.965  4.2127  2.486    5  0.000  0.389     0.00     0.00     0.00     0.00     0.00 -1 -2.55e-07      0.00 6.884e-01 3.056e-01 6.339e-04 1.201e-03 2.171e-03 -1.000 6.000e-03 -7.641 -5.643 -5.626 -5.712
0.006 -0.40400 7.07918 16.4293575287 2.6297055512   16.211  4.966  4.2419  2.602    5  0.000  0.389     0.00     0.00     0.00     0.00     0.00 -1 -2.44e-07      0.00 6.885e-01 3.055e-01 6.342e-04 1.199e-03 2.172e-03 -1.000 6.000e-03 -7.644 -5.481 -5.473 -5.534
0.006 -0.40400 7.07918 16.4813766479 2.6297229087   16.249  4.970  4.2344  2.568    6  0.000  0.389     0.00     0.00     0.00     0.00     0.00 -1 -2.44e-07      0.00 6.886e-01 3.054e-01 6.352e-04 1.196e-03 2.175e-03 -1.000 6.000e-03 -7.656 -5.535 -5.525 -5.592
0.006 -0.40400 7.07918 16.5735282898 2.6297533500   16.315  4.979  4.2210  2.507    6  0.000  0.390     0.00     0.00     0.00     0.00     0.00 -1 -2.44e-07      0.00 6.889e-01 3.051e-01 6.368e-04 1.191e-03 2.179e-03 -1.000 6.000e-03 -7.678 -5.633 -5.619 -5.698
0.006 -0.40400 7.07918 16.6794548035 2.6297878643   16.391  4.989  4.2040  2.432    6  0.000  0.390     0.00     0.00     0.00     0.00     0.00 -1 -2.43e-07      0.00 6.892e-01 3.048e-01 6.386e-04 1.185e-03 2.183e-03 -1.000 6.000e-03 -7.702 -5.753 -5.733 -5.826
0.006 -0.40400 7.07918 16.7423992157 2.6298081358   16.436  4.994  4.1878  2.363    6  0.000  0.390     0.00     0.00     0.00     0.00     0.00 -1 -2.41e-07      0.00 6.894e-01 3.046e-01 6.397e-04 1.181e-03 2.186e-03 -1.000 6.000e-03 -7.716 -5.858 -5.832 -5.939
0.006 -0.40400 7.07918 16.7848434448 2.6298217066   16.467  4.998  4.1730  2.301    6  0.000  0.390     0.00     0.00     0.00     0.00     0.00 -1 -2.37e-07      0.00 6.895e-01 3.045e-01 6.405e-04 1.179e-03 2.188e-03 -1.000 6.000e-03 -7.724 -5.949 -5.919 -6.040
0.006 -0.40400 7.07918 16.8184680939 2.6298324015   16.492  5.000  4.1573  2.237    6  0.000  0.390     0.00     0.00     0.00     0.00     0.00 -1  -2.3e-07      0.00 6.896e-01 3.044e-01 6.411e-04 1.177e-03 2.189e-03 -1.000 6.000e-03 -7.730 -6.042 -6.004 -6.145
0.006 -0.40400 7.07918 16.8465576172 2.6298412983   16.511  5.002  4.1408  2.169    6  0.000  0.390     0.00     0.00     0.00     0.00     0.00 -1 -2.72e-07      0.00 6.897e-01 3.043e-01 6.416e-04 1.175e-03 2.191e-03 -1.000 6.000e-03 -7.735 -6.138 -6.094 -6.253
0.006 -0.40400 7.07918 16.8708801270 2.6298489744   16.508  5.003  4.1193  2.082    6  0.000  0.390     0.00     0.00     0.00     0.00     0.00 -1 -6.85e-07      0.00 6.897e-01 3.043e-01 6.420e-04 1.174e-03 2.192e-03 -1.000 6.000e-03 -7.737 -6.266 -6.217 -6.386
0.006 -0.40400 7.07918 16.8909397125 2.6298552860   16.503  5.003  4.0948  1.984    6  0.000  0.391     0.00     0.00     0.00     0.00     0.00 -1 -6.64e-07      0.00 6.898e-01 3.042e-01 6.423e-04 1.173e-03 2.193e-03 -1.000 6.000e-03 -7.737 -6.406 -6.350 -6.537
0.006 -0.40400 7.07918 16.9071865082 2.6298603854   16.501  5.003  4.0680  1.877    6  0.000  0.391     0.00     0.00     0.00     0.00     0.00 -1 -6.35e-07      0.00 6.898e-01 3.042e-01 6.426e-04 1.172e-03 2.193e-03 -1.000 6.000e-03 -7.737 -6.540 -6.468 -6.699
0.006 -0.40400 7.07918 16.9212741852 2.6298647979   16.501  5.002  4.0358  1.749    6  0.000  0.391     0.00     0.00     0.00     0.00     0.00 -1 -5.94e-07      0.00 6.899e-01 3.041e-01 6.429e-04 1.171e-03 2.194e-03 -1.000 6.000e-03 -7.734 -6.706 -6.623 -6.882
0.006 -0.40400 7.07918 16.9313030243 2.6298679340   16.501  4.999  3.9964  1.594    6  0.000  0.391     0.00     0.00     0.00     0.00     0.00 -1 -5.54e-07      0.00 6.899e-01 3.041e-01 6.430e-04 1.170e-03 2.194e-03 -1.000 6.000e-03 -7.727 -6.892 -6.796 -7.089
0.006 -0.40400 7.07918 16.9426746368 2.6298714848   16.505  4.948  3.9095  1.298    6  0.000  0.391     0.00     0.00     0.00     0.00     0.00 -1 -3.45e-07      0.00 6.899e-01 3.041e-01 6.432e-04 1.170e-03 2.195e-03 -1.000 6.000e-03 -7.599 -7.096 -6.949 -7.372
0.006 -0.40400 7.07918 16.9522972107 2.6298744852   16.509  4.981  3.8911  1.191    6  0.000  0.391     0.00     0.00     0.00     0.00     0.00 -1 -3.81e-07      0.00 6.899e-01 3.041e-01 6.433e-04 1.169e-03 2.195e-03 -1.000 6.000e-03 -7.683 -7.226 -7.067 -7.522
0.006 -0.40400 7.07918 16.9613704681 2.6298773108   16.513  4.983  3.8827  1.156    6  0.000  0.391     0.00     0.00     0.00     0.00     0.00 -1 -3.82e-07      0.00 6.900e-01 3.040e-01 6.435e-04 1.169e-03 2.196e-03 -1.000 6.000e-03 -7.688 -7.246 -7.077 -7.555
0.006 -0.40400 7.07918 16.9670391083 2.6298790743   16.516  4.984  3.8775  1.134    6  0.000  0.391     0.00     0.00     0.00     0.00     0.00 -1 -3.83e-07      0.00 6.900e-01 3.040e-01 6.436e-04 1.168e-03 2.196e-03 -1.000 6.000e-03 -7.691 -7.258 -7.083 -7.576
0.006 -0.40400 7.07918 16.9723892212 2.6298807375   16.518  4.986  3.8727  1.113    6  0.000  0.391     0.00     0.00     0.00     0.00     0.00 -1 -3.84e-07      0.00 6.900e-01 3.040e-01 6.437e-04 1.168e-03 2.196e-03 -1.000 6.000e-03 -7.694 -7.268 -7.086 -7.595
0.006 -0.40400 7.07918 16.9774303436 2.6298823035   16.520  4.987  3.8681  1.094    6  0.000  0.391     0.00     0.00     0.00     0.00     0.00 -1 -3.85e-07      0.00 6.900e-01 3.040e-01 6.438e-04 1.168e-03 2.196e-03 -1.000 6.000e-03 -7.697 -7.277 -7.089 -7.613
0.006 -0.40400 7.07918 16.9821796417 2.6298837779   16.522  4.988  3.8638  1.076    6  0.000  0.391     0.00     0.00     0.00     0.00     0.00 -1 -3.85e-07      0.00 6.900e-01 3.040e-01 6.438e-04 1.167e-03 2.196e-03 -1.000 6.000e-03 -7.700 -7.284 -7.090 -7.629
0.006 -0.40400 7.07918 16.9866504669 2.6298851650   16.524  4.989  3.8598  1.059    6  0.000  0.391     0.00     0.00     0.00     0.00     0.00 -1 -3.86e-07      0.00 6.900e-01 3.040e-01 6.439e-04 1.167e-03 2.197e-03 -1.000 6.000e-03 -7.702 -7.292 -7.092 -7.645
0.006 -0.40400 7.07918 16.9908504486 2.6298864673   16.526  4.990  3.8561  1.043    6  0.000  0.391     0.00     0.00     0.00     0.00     0.00 -1 -3.87e-07      0.00 6.901e-01 3.039e-01 6.440e-04 1.167e-03 2.197e-03 -1.000 6.000e-03 -7.705 -7.297 -7.090 -7.659
0.006 -0.40400 7.07918 16.9947910309 2.6298876884   16.527  4.991  3.8526  1.028    6  0.000  0.391     0.00     0.00     0.00     0.00     0.00 -1 -3.88e-07      0.00 6.901e-01 3.039e-01 6.440e-04 1.167e-03 2.197e-03 -1.000 6.000e-03 -7.707 -7.302 -7.090 -7.672
0.006 -0.40400 7.07918 16.9966678619 2.6298882698   16.528  4.991  3.8510  1.021    6  0.000  0.391     0.00     0.00     0.00     0.00     0.00 -1 -3.88e-07      0.00 6.901e-01 3.039e-01 6.441e-04 1.167e-03 2.197e-03 -1.000 6.000e-03 -7.708 -7.305 -7.089 -7.678
0.006 -0.40400 7.07918 16.9984855652 2.6298888328   16.529  4.992  3.8494  1.014    6  0.000  0.391     0.00     0.00     0.00     0.00     0.00 -1 -3.89e-07      0.00 6.901e-01 3.039e-01 6.441e-04 1.166e-03 2.197e-03 -1.000 6.000e-03 -7.709 -7.307 -7.089 -7.684
0.006 -0.40400 7.07918 17.0002403259 2.6298893761   16.529  4.992  3.8479  1.008    6  0.000  0.391     0.00     0.00     0.00     0.00     0.00 -1 -3.89e-07      0.00 6.901e-01 3.039e-01 6.441e-04 1.166e-03 2.197e-03 -1.000 6.000e-03 -7.711 -7.309 -7.088 -7.690
0.006 -0.40400 7.07918 17.0019416809 2.6298899027   16.530  4.993  3.8464  1.001    6  0.000  0.391     0.00     0.00     0.00     0.00     0.00 -1  -3.9e-07      0.00 6.901e-01 3.039e-01 6.442e-04 1.166e-03 2.197e-03 -1.000 6.000e-03 -7.712 -7.311 -7.087 -7.696
0.006 -0.40400 7.07918 17.0035858154 2.6298904116   16.531  4.993  3.8450  0.995    6  0.000  0.391     0.00     0.00     0.00     0.00     0.00 -1  -3.9e-07      0.00 6.901e-01 3.039e-01 6.442e-04 1.166e-03 2.197e-03 -1.000 6.000e-03 -7.713 -7.313 -7.086 -7.701
0.006 -0.40400 7.07918 17.0051765442 2.6298909038   16.531  4.993  3.8436  0.989    6  0.000  0.391     0.00     0.00     0.00     0.00     0.00 -1 -3.91e-07      0.00 6.901e-01 3.039e-01 6.442e-04 1.166e-03 2.197e-03 -1.000 6.000e-03 -7.714 -7.315 -7.085 -7.707
0.006 -0.40400 7.07918 17.0067157745 2.6298913799   16.532  4.994  3.8422  0.983    6  0.000  0.391     0.00     0.00     0.00     0.00     0.00 -1 -3.91e-07      0.00 6.901e-01 3.039e-01 6.442e-04 1.166e-03 2.198e-03 -1.000 6.000e-03 -7.715 -7.317 -7.085 -7.712
0.006 -0.40400 7.07918 17.0082015991 2.6298918395   16.532  4.994  3.8410  0.978    6  0.000  0.391     0.00     0.00     0.00     0.00     0.00 -1 -3.91e-07      0.00 6.901e-01 3.039e-01 6.443e-04 1.166e-03 2.198e-03 -1.000 6.000e-03 -7.715 -7.319 -7.084 -7.717
0.006 -0.40400 7.07918 17.0096378326 2.6298922836   16.533  4.995  3.8397  0.973    6  0.000  0.391     0.00     0.00     0.00     0.00     0.00 -1 -3.92e-07      0.00 6.901e-01 3.039e-01 6.443e-04 1.166e-03 2.198e-03 -1.000 6.000e-03 -7.716 -7.320 -7.083 -7.721
0.006 -0.40400 7.07918 17.0110225677 2.6298927117   16.533  4.995  3.8385  0.968    6  0.000  0.391     0.00     0.00     0.00     0.00     0.00 -1 -3.92e-07      0.00 6.901e-01 3.039e-01 6.443e-04 1.166e-03 2.198e-03 -1.000 6.000e-03 -7.717 -7.322 -7.082 -7.726
0.006 -0.40400 7.07918 17.0123615265 2.6298931256   16.534  4.995  3.8374  0.963    6  0.000  0.391     0.00     0.00     0.00     0.00     0.00 -1 -3.92e-07      0.00 6.901e-01 3.039e-01 6.443e-04 1.166e-03 2.198e-03 -1.000 6.000e-03 -7.718 -7.323 -7.081 -7.730
0.006 -0.40400 7.07918 17.0130100250 2.6298933260   16.534  4.995  3.8368  0.960    6  0.000  0.391     0.00     0.00     0.00     0.00     0.00 -1 -3.93e-07      0.00 6.901e-01 3.039e-01 6.443e-04 1.166e-03 2.198e-03 -1.000 6.000e-03 -7.718 -7.324 -7.081 -7.732
0.006 -0.40400 7.07918 17.0137329102 2.6298935494   16.534  4.996  3.8362  0.958    6  0.000  0.391     0.00     0.00     0.00     0.00     0.00 -1 -3.93e-07      0.00 6.901e-01 3.039e-01 6.443e-04 1.166e-03 2.198e-03 -1.000 6.000e-03 -7.719 -7.325 -7.080 -7.735
0.006 -0.40400 7.07918 17.0143623352 2.6298937439   16.535  4.996  3.8357  0.955    6  0.000  0.391     0.00     0.00     0.00     0.00     0.00 -1 -3.93e-07      0.00 6.901e-01 3.039e-01 6.444e-04 1.166e-03 2.198e-03 -1.000 6.000e-03 -7.719 -7.325 -7.080 -7.737
0.006 -0.40400 7.07918 17.0148963928 2.6298939089   16.535  4.996  3.8352  0.953    6  0.000  0.391     0.00     0.00     0.00     0.00     0.00 -1 -3.93e-07      0.00 6.901e-01 3.039e-01 6.444e-04 1.165e-03 2.198e-03 -1.000 6.000e-03 -7.720 -7.326 -7.080 -7.739
0.006 -0.40400 7.07918 17.0155677795 2.6298941164   16.535  4.996  3.8346  0.951    6  0.000  0.391     0.00     0.00     0.00     0.00     0.00 -1 -3.93e-07      0.00 6.901e-01 3.039e-01 6.444e-04 1.165e-03 2.198e-03 -1.000 6.000e-03 -7.720 -7.327 -7.079 -7.741
0.006 -0.40400 7.07918 17.0159626007 2.6298942383   16.535  4.996  3.8343  0.949    6  0.000  0.391     0.00     0.00     0.00     0.00     0.00 -1 -3.93e-07      0.00 6.901e-01 3.039e-01 6.444e-04 1.165e-03 2.198e-03 -1.000 6.000e-03 -7.720 -7.327 -7.079 -7.742
0.006 -0.40400 7.07918 17.0164031982 2.6298943744   16.536  4.996  3.8339  0.948    6  0.000  0.391     0.00     0.00     0.00     0.00     0.00 -1 -3.94e-07      0.00 6.901e-01 3.039e-01 6.444e-04 1.165e-03 2.198e-03 -1.000 6.000e-03 -7.721 -7.328 -7.079 -7.743
0.006 -0.40400 7.07918 17.0169239044 2.6298945353   16.536  4.996  3.8335  0.946    6  0.000  0.391     0.00     0.00     0.00     0.00     0.00 -1 -3.94e-07      0.00 6.901e-01 3.039e-01 6.444e-04 1.165e-03 2.198e-03 -1.000 6.000e-03 -7.721 -7.328 -7.078 -7.745
0.006 -0.40400 7.07918 17.0175781250 2.6298947374   16.536  4.997  3.8329  0.944    6  0.000  0.391     0.00     0.00     0.00     0.00     0.00 -1 -3.94e-07      0.00 6.901e-01 3.039e-01 6.444e-04 1.165e-03 2.198e-03 -1.000 6.000e-03 -7.721 -7.329 -7.078 -7.747
0.006 -0.40400 7.07918 17.0182285309 2.6298949382   16.536  4.997  3.8324  0.941    6  0.000  0.391     0.00     0.00     0.00     0.00     0.00 -1 -3.94e-07      0.00 6.901e-01 3.039e-01 6.444e-04 1.165e-03 2.198e-03 -1.000 6.000e-03 -7.722 -7.330 -7.078 -7.749
0.006 -0.40400 7.07918 17.0191364288 2.6298952186   16.537  4.997  3.8316  0.938    6  0.000  0.391     0.00     0.00     0.00     0.00     0.00 -1 -3.94e-07      0.00 6.901e-01 3.039e-01 6.444e-04 1.165e-03 2.198e-03 -1.000 6.000e-03 -7.722 -7.330 -7.077 -7.752
0.006 -0.40400 7.07918 17.0203704834 2.6298955997   16.537  4.997  3.8305  0.933    6  0.000  0.391     0.00     0.00     0.00     0.00     0.00 -1 -3.95e-07      0.00 6.901e-01 3.039e-01 6.445e-04 1.165e-03 2.198e-03 -1.000 6.000e-03 -7.723 -7.332 -7.076 -7.756
0.006 -0.40400 7.07918 17.0212554932 2.6298958729   16.538  4.997  3.8298  0.930    6  0.000  0.391     0.00     0.00     0.00     0.00     0.00 -1 -3.95e-07      0.00 6.901e-01 3.039e-01 6.445e-04 1.165e-03 2.198e-03 -1.000 6.000e-03 -7.724 -7.333 -7.075 -7.759
0.006 -0.40400 7.07918 17.0222072601 2.6298961667   16.538  4.998  3.8290  0.927    6  0.000  0.391     0.00     0.00     0.00     0.00     0.00 -1 -3.95e-07      0.00 6.901e-01 3.039e-01 6.445e-04 1.165e-03 2.198e-03 -1.000 6.000e-03 -7.724 -7.334 -7.075 -7.762
0.006 -0.40400 7.07918 17.0394210815 2.6299014739   16.544  5.001  3.7954  0.789    6  0.000  0.391     0.00     0.00     0.00     0.00     0.00 -1 -5.67e-07      0.00 6.902e-01 3.038e-01 6.448e-04 1.164e-03 2.199e-03 -1.000 6.000e-03 -7.733 -7.350 -7.009 -7.869
0.006 -0.40400 7.07918 17.0500297546 2.6299047385   16.546  5.003  3.7488  0.601    6  0.000  0.391     0.00     0.00     0.00     0.00     0.00 -1 -1.14e-06      0.00 6.902e-01 3.038e-01 6.449e-04 1.163e-03 2.199e-03 -1.000 6.000e-03 -7.738 -7.326 -6.856 -7.970
0.006 -0.40400 7.07918 17.0504169464 2.6299048576   16.545  5.003  3.7433  0.579    6  0.000  0.391     0.00     0.00     0.00     0.00     0.00 -1 -1.13e-06      0.00 6.900e-01 3.040e-01 6.440e-04 1.166e-03 2.197e-03 -1.000 6.000e-03 -7.737 -7.320 -6.835 -7.976
0.006 -0.40400 7.07918 17.0507564545 2.6299049620   16.546  5.002  3.7379  0.558    6  0.000  0.391     0.00     0.00     0.00     0.00     0.00 -1 -1.11e-06      0.00 6.897e-01 3.043e-01 6.432e-04 1.169e-03 2.195e-03 -1.000 6.000e-03 -7.735 -7.311 -6.812 -7.979
0.006 -0.40400 7.07918 17.0510654449 2.6299050570   16.545  5.001  3.7323  0.537    6  0.000  0.391     0.00     0.00     0.00     0.00     0.00 -1 -1.09e-06      0.00 6.895e-01 3.045e-01 6.425e-04 1.172e-03 2.193e-03 -1.000 6.000e-03 -7.731 -7.300 -6.785 -7.981
0.006 -0.40400 7.07918 17.0514030457 2.6299051608   16.545  4.999  3.7254  0.512    6  0.000  0.390     0.00     0.00     0.00     0.00     0.00 -1 -1.06e-06      0.00 6.893e-01 3.047e-01 6.417e-04 1.174e-03 2.191e-03 -1.000 6.000e-03 -7.726 -7.284 -6.750 -7.980
0.006 -0.40400 7.07918 17.0516338348 2.6299052317   16.546  4.997  3.7199  0.492    6  0.000  0.390     0.00     0.00     0.00     0.00     0.00 -1 -1.04e-06      0.00 6.892e-01 3.048e-01 6.412e-04 1.176e-03 2.190e-03 -1.000 6.000e-03 -7.722 -7.270 -6.721 -7.979
0.006 -0.40400 7.07918 17.0518703461 2.6299053044   16.546  4.995  3.7136  0.468    7  0.000  0.390   148.42    74.96    50.66    36.41    30.32  3 -1.02e-06      0.00 6.890e-01 3.050e-01 6.407e-04 1.178e-03 2.189e-03 -1.000 6.000e-03 -7.716 -7.250 -6.681 -7.974
0.006 -0.40400 7.07918 17.0521144867 2.6299053795   16.545  4.992  3.7060  0.441    7  0.000  0.390   158.84    78.80    53.14    38.21    31.83  3 -9.82e-07      0.00 6.888e-01 3.052e-01 6.401e-04 1.180e-03 2.187e-03 -1.000 6.000e-03 -7.710 -7.228 -6.637 -7.969
0.006 -0.40400 7.07918 17.0523700714 2.6299054581   16.545  4.988  3.6967  0.407    7  0.000  0.390   172.44    83.71    56.29    40.52    33.76  3 -9.48e-07      0.00 6.887e-01 3.053e-01 6.395e-04 1.182e-03 2.186e-03 -1.000 6.000e-03 -7.701 -7.199 -6.581 -7.960
0.006 -0.40400 7.07918 17.0525035858 2.6299054991   16.545  4.986  3.6914  0.388    7  0.000  0.390   180.81    86.69    58.20    41.92    34.93  3 -9.31e-07      0.00 6.886e-01 3.054e-01 6.392e-04 1.183e-03 2.185e-03 -1.000 6.000e-03 -7.695 -7.180 -6.546 -7.953
0.006 -0.40400 7.07918 17.0526390076 2.6299055407   16.545  4.984  3.6854  0.367    7  0.000  0.390   190.53    90.09    60.38    43.51    36.26  3 -9.15e-07      0.00 6.885e-01 3.055e-01 6.389e-04 1.184e-03 2.184e-03 -1.000 6.000e-03 -7.689 -7.158 -6.505 -7.943
0.006 -0.40400 7.07918 17.0527782440 2.6299055835   16.546  4.981  3.6788  0.343    7  0.000  0.390   201.81    93.99    62.87    45.34    37.78  3 -8.89e-07      0.00 6.884e-01 3.056e-01 6.386e-04 1.185e-03 2.183e-03 -1.000 6.000e-03 -7.681 -7.134 -6.457 -7.936
0.006 -0.40400 7.07918 17.0529212952 2.6299056275   16.545  4.977  3.6714  0.318    7  0.000  0.390   214.97    98.46    65.73    47.43    39.53  3 -8.55e-07      0.00 6.883e-01 3.057e-01 6.382e-04 1.186e-03 2.182e-03 -1.000 6.000e-03 -7.672 -7.104 -6.397 -7.924
0.006 -0.40400 7.07918 17.0530681610 2.6299056727   16.546  4.972  3.6633  0.290    7  0.000  0.390   229.98   103.48    68.92    49.77    41.48  3 -8.22e-07      0.00 6.882e-01 3.058e-01 6.379e-04 1.187e-03 2.182e-03 -1.000 6.000e-03 -7.659 -7.063 -6.324 -7.903
0.006 -0.40400 7.07918 17.0532188416 2.6299057190   16.545  4.965  3.6542  0.260    7  0.000  0.390   247.35   109.17    72.54    52.42    43.70  3  -7.9e-07      0.00 6.882e-01 3.058e-01 6.377e-04 1.188e-03 2.181e-03 -1.000 6.000e-03 -7.642 -7.009 -6.236 -7.869
0.006 -0.40400 7.07918 17.0533733368 2.6299057665   16.545  4.956  3.6438  0.228    7  0.000  0.390   267.78   115.74    76.70    55.48    46.26  3 -7.43e-07      0.00 6.881e-01 3.059e-01 6.374e-04 1.189e-03 2.180e-03 -1.000 6.000e-03 -7.620 -6.939 -6.131 -7.820
0.006 -0.40400 7.07918 17.0535335541 2.6299058157   16.545  4.944  3.6319  0.193    7  0.000  0.390   283.71   123.41    81.55    59.04    49.23  3 -6.91e-07      0.00 6.880e-01 3.060e-01 6.371e-04 1.190e-03 2.180e-03 -1.000 6.000e-03 -7.589 -6.849 -5.998 -7.755
0.006 -0.40400 7.07918 17.0536994934 2.6299058667   16.546  4.927  3.6195  0.160    7  0.000  0.390   298.46   130.96    86.31    62.54    52.16  3  -6.3e-07      0.00 6.879e-01 3.061e-01 6.368e-04 1.191e-03 2.179e-03 -1.000 6.000e-03 -7.547 -6.737 -5.837 -7.671
0.006 -0.40400 7.07918 17.0538711548 2.6299059195   16.545  4.901  3.6098  0.147    7  0.000  0.390   304.48   134.05    88.26    63.97    53.36  3 -5.62e-07      0.00 6.878e-01 3.062e-01 6.365e-04 1.192e-03 2.178e-03 -1.000 6.000e-03 -7.483 -6.615 -5.675 -7.571
0.006 -0.40400 7.07918 17.0540332794 2.6299059693   16.546  4.879  3.6050  0.150    7  0.000  0.390   302.95   133.27    87.76    63.61    53.05  4 -4.81e-07      0.00 6.877e-01 3.063e-01 6.362e-04 1.193e-03 2.177e-03 -1.000 6.000e-03 -7.427 -6.529 -5.567 -7.496
0.006 -0.40400 7.07918 17.0541934967 2.6299060186   16.546  4.866  3.6017  0.150    7  0.000  0.390   303.05   133.32    87.79    63.63    53.07  4 -4.25e-07      0.00 6.877e-01 3.063e-01 6.359e-04 1.194e-03 2.177e-03 -1.000 6.000e-03 -7.394 -6.476 -5.499 -7.450
0.006 -0.40400 7.07918 17.0543727875 2.6299060737   16.546  4.870  3.5969  0.126    7  0.000  0.389   314.28   139.13    91.44    66.32    55.32  4 -3.96e-07      0.00 6.876e-01 3.064e-01 6.356e-04 1.195e-03 2.176e-03 -1.000 6.000e-03 -7.405 -6.453 -5.450 -7.440
0.006 -0.40400 7.07918 17.0545539856 2.6299061293   16.546  4.936  3.5888  0.028    7  0.000  0.389   365.84   166.22   108.37    78.80    65.76  0 -4.01e-07      0.00 6.875e-01 3.065e-01 6.353e-04 1.196e-03 2.175e-03 -1.000 6.000e-03 -7.570 -6.558 -5.503 -7.569
0.006 -0.40400 7.07918 17.0546588898 2.6299061616   16.546  4.981  3.5843 -0.035    7  0.000  0.386   402.92   186.12   120.74    87.94    73.41  0 -5.45e-07      0.00 6.874e-01 3.066e-01 6.293e-04 1.202e-03 2.175e-03 -1.000 6.000e-03 -7.682 -6.633 -5.546 -7.659
0.006 -0.40400 7.07918 17.0547351837 2.6299061850   16.545  5.004  3.5821 -0.067    7  0.000  0.383   423.51   197.31   127.66    93.06    77.69  0 -6.74e-07      0.00 6.874e-01 3.066e-01 6.250e-04 1.206e-03 2.174e-03 -1.000 6.000e-03 -7.740 -6.671 -5.567 -7.706
0.006 -0.40400 7.07918 17.0548973083 2.6299062349   16.546  5.030  3.5795 -0.103    7  0.000  0.381   447.76   210.60   135.86    99.14    82.78  0 -8.17e-07      0.00 6.873e-01 3.067e-01 6.215e-04 1.210e-03 2.173e-03 -1.000 6.000e-03 -7.804 -6.713 -5.585 -7.758
0.006 -0.40400 7.07918 17.0554981232 2.6299064195   16.546  5.051  3.5773 -0.133    7  0.000  0.379   469.07   222.39   143.11   104.51    87.28  0 -9.45e-07      0.00 6.870e-01 3.070e-01 6.179e-04 1.217e-03 2.171e-03 -1.000 6.000e-03 -7.858 -6.746 -5.596 -7.798
0.006 -0.40400 7.07918 17.0587959290 2.6299074326   16.545  5.078  3.5744 -0.171    7  0.000  0.375   497.63   238.33   152.89   111.77    93.36  0 -1.08e-06      0.00 6.853e-01 3.087e-01 6.070e-04 1.243e-03 2.155e-03 -1.000 6.000e-03 -7.925 -6.785 -5.607 -7.848
0.006 -0.40400 7.07918 17.0606422424 2.6299079996   16.545  5.100  3.5721 -0.203    7  0.000  0.373   522.73   252.47   161.55   118.20    98.74  0  -1.2e-06      0.00 6.843e-01 3.097e-01 6.001e-04 1.261e-03 2.144e-03 -1.000 6.000e-03 -7.981 -6.819 -5.617 -7.891
0.006 -0.40400 7.07918 17.0630187988 2.6299087293   16.545  5.129  3.5693 -0.243    7  0.000  0.372   555.52   271.12   172.93   126.65   105.82  0 -1.37e-06      0.00 6.831e-01 3.108e-01 5.952e-04 1.279e-03 2.132e-03 -1.000 6.063e-03 -8.051 -6.859 -5.627 -7.945
0.006 -0.40400 7.07918 17.0660343170 2.6299096548   16.543  5.165  3.5656 -0.294    7  0.000  0.372   601.38   297.52   188.97   138.59   115.82  0 -1.65e-06      0.00 6.818e-01 3.122e-01 5.905e-04 1.297e-03 2.117e-03 -1.000 6.031e-03 -8.143 -6.909 -5.630 -8.012
0.006 -0.40400 7.07918 17.0693283081 2.6299106653   16.545  5.197  3.5625 -0.339    7  0.000  0.372   644.06   322.40   204.03   149.82   125.23  0 -1.94e-06      0.00 6.801e-01 3.139e-01 5.863e-04 1.316e-03 2.102e-03 -1.000 6.000e-03 -8.223 -6.951 -5.630 -8.069
#isochrone terminated
